query_id	subject_id	pct_identity	aln_length	n_of_mismatches	number_gap_openings	q_start	q_end	s_start	s_end	e_value	bit_score	query_length	query_coverage	subject_length
lcl|NC_014218.1_cds_WP_013169268.1_2	lcl|NZ_CP070228.1_cds_WP_204424496.1_2	79.088	1119	230	4	1	1117	1	1117	0.0	767	1119	99	1119
lcl|NC_014218.1_cds_WP_013169272.1_6	lcl|NZ_CP070228.1_cds_WP_204424501.1_6	81.581	2492	450	8	1	2486	1	2489	0.0	2050	2565	97	2598
lcl|NC_014218.1_cds_WP_013169287.1_20	lcl|NZ_CP070228.1_cds_WP_239519596.1_17	81.116	1488	270	9	44	1527	17	1497	0.0	1181	1527	97	1497
lcl|NC_014218.1_cds_WP_041640250.1_34	lcl|NZ_CP070228.1_cds_WP_204424529.1_25	75.742	2865	627	58	1	2825	1	2837	0.0	1378	3024	93	3030
lcl|NC_014218.1_cds_WP_013169300.1_35	lcl|NZ_CP070228.1_cds_WP_204424531.1_26	80.428	935	173	10	1	930	1	930	0.0	704	1029	90	1032
lcl|NC_014218.1_cds_WP_013169306.1_41	lcl|NZ_CP070228.1_cds_WP_204424544.1_35	78.755	819	168	6	1	816	1	816	2.46e-155	544	864	94	861
lcl|NC_014218.1_cds_WP_013169315.1_50	lcl|NZ_CP070228.1_cds_WP_204424557.1_44	76.263	1504	323	30	1	1487	10	1496	0.0	769	1518	98	1527
lcl|NC_014218.1_cds_WP_013169317.1_52	lcl|NZ_CP070228.1_cds_WP_204424561.1_46	77.809	1798	382	13	17	1807	17	1804	0.0	1094	1809	99	1806
lcl|NC_014218.1_cds_WP_013169319.1_54	lcl|NZ_CP070228.1_cds_WP_204424564.1_48	81.281	812	148	4	49	858	55	864	0.0	654	858	94	864
lcl|NC_014218.1_cds_WP_013169330.1_67	lcl|NZ_CP070228.1_cds_WP_204424578.1_56	85.829	995	135	6	1	992	1	992	0.0	1051	993	99	993
lcl|NC_014218.1_cds_WP_013169379.1_120	lcl|NZ_CP070228.1_cds_WP_204424628.1_98	77.372	2161	465	22	1	2149	1	2149	0.0	1260	2151	99	2151
lcl|NC_014218.1_cds_WP_013169380.1_122	lcl|NZ_CP070228.1_cds_WP_204424630.1_100	82.213	967	172	0	7	973	7	973	0.0	833	975	99	975
lcl|NC_014218.1_cds_WP_013169394.1_135	lcl|NZ_CP070228.1_cds_WP_204424664.1_121	74.618	1308	293	30	28	1308	1	1296	8.15e-154	540	2187	59	2157
lcl|NC_014218.1_cds_WP_013169422.1_163	lcl|NZ_CP070228.1_cds_WP_204424718.1_149	81.030	1281	235	7	1	1277	1	1277	0.0	1013	1290	99	1293
lcl|NC_014218.1_cds_WP_013169423.1_164	lcl|NZ_CP070228.1_cds_WP_204424719.1_150	80.499	1323	252	6	1	1320	1	1320	0.0	1009	1332	99	1332
lcl|NC_014218.1_cds_WP_013169429.1_170	lcl|NZ_CP070228.1_cds_WP_204424735.1_156	83.333	1860	298	9	1	1857	1	1851	0.0	1707	1857	100	1851
lcl|NC_014218.1_cds_WP_013169445.1_186	lcl|NZ_CP070228.1_cds_WP_204424772.1_182	74.662	813	184	19	1	805	1	799	3.24e-94	340	810	99	807
lcl|NC_014218.1_cds_WP_013169451.1_194	lcl|NZ_CP070228.1_cds_WP_204424781.1_192	89.258	1024	108	2	1	1023	1	1023	0.0	1280	1023	100	1023
lcl|NC_014218.1_cds_WP_013169453.1_196	lcl|NZ_CP070228.1_cds_WP_204424794.1_196	80.613	1305	239	11	4	1301	7	1304	0.0	996	1320	98	1323
lcl|NC_014218.1_cds_WP_013169459.1_202	lcl|NZ_CP070228.1_cds_WP_204424804.1_202	87.786	1834	224	0	1	1834	1	1834	0.0	2146	1851	99	1857
lcl|NC_014218.1_cds_WP_013169464.1_207	lcl|NZ_CP070228.1_cds_WP_204424810.1_209	82.667	225	28	8	1	221	1	218	3.42e-49	189	237	93	234
lcl|NC_014218.1_cds_WP_013169465.1_208	lcl|NZ_CP070228.1_cds_WP_204424812.1_210	81.006	179	34	0	1	179	1	179	2.15e-35	143	192	93	195
lcl|NC_014218.1_cds_WP_013169485.1_228	lcl|NZ_CP070228.1_cds_WP_204424836.1_228	75.321	312	71	6	157	465	154	462	1.53e-35	145	465	66	462
lcl|NC_014218.1_cds_WP_013169486.1_229	lcl|NZ_CP070228.1_cds_WP_204424838.1_229	82.581	2480	432	0	1	2480	1	2480	0.0	2187	2622	95	2577
lcl|NC_014218.1_cds_WP_013169496.1_241	lcl|NZ_CP070228.1_cds_WP_204424841.1_232	79.749	2706	540	8	1	2702	1	2702	0.0	1954	2739	99	2739
lcl|NC_014218.1_cds_WP_013169503.1_248	lcl|NZ_CP070228.1_cds_WP_204424849.1_238	86.310	504	69	0	1	504	1	504	3.02e-157	549	504	100	504
lcl|NC_014218.1_cds_WP_013169507.1_252	lcl|NZ_CP070228.1_cds_WP_239519531.1_242	78.575	1783	347	31	287	2052	287	2051	0.0	1144	2244	79	2247
lcl|NC_014218.1_cds_WP_013169517.1_262	lcl|NZ_CP070228.1_cds_WP_204424872.1_252	82.012	1362	239	5	232	1590	226	1584	0.0	1153	1590	85	1584
lcl|NC_014218.1_cds_WP_013169518.1_263	lcl|NZ_CP070228.1_cds_WP_204424876.1_254	80.330	1515	290	7	1	1511	1	1511	0.0	1140	1524	99	1533
lcl|NC_014218.1_cds_WP_013169535.1_280	lcl|NZ_CP070228.1_cds_WP_204424900.1_268	86.034	179	25	0	1	179	1	179	2.38e-50	193	216	83	216
lcl|NC_014218.1_cds_WP_005504750.1_281	lcl|NZ_CP070228.1_cds_WP_005504750.1_269	96.970	99	3	0	1	99	1	99	5.91e-43	167	99	100	99
lcl|NC_014218.1_cds_WP_013169539.1_285	lcl|NZ_CP070228.1_cds_WP_204424904.1_273	77.480	635	137	6	2	633	2	633	9.65e-105	375	879	72	879
lcl|NC_014218.1_cds_WP_013169550.1_296	lcl|NZ_CP070228.1_cds_WP_204424913.1_283	85.842	558	79	0	1	558	1	558	1.53e-170	593	558	100	558
lcl|NC_014218.1_cds_WP_223804432.1_298	lcl|NZ_CP070228.1_cds_WP_239519576.1_285	83.196	1339	223	2	1	1338	1	1338	0.0	1225	1338	100	1338
lcl|NC_014218.1_cds_WP_049765882.1_306	lcl|NZ_CP070228.1_cds_WP_204425682.1_293	79.082	1831	365	18	1	1822	1	1822	0.0	1243	1872	97	1872
lcl|NC_014218.1_cds_WP_013169561.1_307	lcl|NZ_CP070228.1_cds_WP_204424926.1_294	74.791	1555	348	36	1	1533	1	1533	0.0	660	1533	100	1533
lcl|NC_014218.1_cds_WP_013169562.1_308	lcl|NZ_CP070228.1_cds_WP_204424928.1_295	74.938	1604	386	11	1	1596	1	1596	0.0	721	1602	99	1599
lcl|NC_014218.1_cds_WP_013169563.1_309	lcl|NZ_CP070228.1_cds_WP_239519534.1_296	74.527	793	192	9	1	788	1	788	5.27e-93	337	1017	77	1017
lcl|NC_014218.1_cds_WP_013169593.1_339	lcl|NZ_CP070228.1_cds_WP_204424962.1_324	78.418	1214	246	14	1	1206	1	1206	0.0	776	1242	97	1248
lcl|NC_014218.1_cds_WP_013169604.1_350	lcl|NZ_CP070228.1_cds_WP_204424977.1_337	77.481	1612	339	23	73	1672	73	1672	0.0	944	1674	96	1674
lcl|NC_014218.1_cds_WP_013169615.1_361	lcl|NZ_CP070228.1_cds_WP_091278578.1_347	85.238	210	31	0	1	210	1	210	1.37e-57	217	210	100	210
lcl|NC_014218.1_cds_WP_013169618.1_364	lcl|NZ_CP070228.1_cds_WP_204424989.1_350	81.768	1629	287	10	1	1624	1	1624	0.0	1354	1626	99	1626
lcl|NC_014218.1_cds_WP_013169620.1_366	lcl|NZ_CP070228.1_cds_WP_204424993.1_352	85.089	1462	216	2	1	1461	1	1461	0.0	1491	1461	100	1461
lcl|NC_014218.1_cds_WP_013169632.1_378	lcl|NZ_CP070228.1_cds_WP_204425014.1_363	81.525	1115	204	2	118	1231	121	1234	0.0	917	1233	90	1236
lcl|NC_014218.1_cds_WP_013169636.1_382	lcl|NZ_CP070228.1_cds_WP_204425022.1_367	78.955	2181	453	6	1	2178	1	2178	0.0	1480	2187	99	2184
lcl|NC_014218.1_cds_WP_223804433.1_387	lcl|NZ_CP070228.1_cds_WP_239519578.1_372	84.503	2336	358	4	1	2334	1	2334	0.0	2305	2334	100	2334
lcl|NC_014218.1_cds_WP_013169644.1_390	lcl|NZ_CP070228.1_cds_WP_204425048.1_393	73.684	304	68	12	234	531	372	669	3.48e-24	108	789	38	936
lcl|NC_014218.1_cds_WP_013169649.1_395	lcl|NZ_CP070228.1_cds_WP_204425053.1_398	74.008	504	117	13	32	528	32	528	6.42e-50	193	549	91	549
lcl|NC_014218.1_cds_WP_013169673.1_420	lcl|NZ_CP070228.1_cds_WP_204425086.1_425	79.933	1490	295	4	1	1488	1	1488	0.0	1092	1494	99	1494
lcl|NC_014218.1_cds_WP_013169674.1_421	lcl|NZ_CP070228.1_cds_WP_204425087.1_426	74.488	1368	335	12	1	1361	1	1361	3.06e-166	580	1401	97	1401
lcl|NC_014218.1_cds_WP_013169681.1_430	lcl|NZ_CP070228.1_cds_432	86.842	2090	269	6	2	2088	1	2087	0.0	2331	2088	99	2379
lcl|NC_014218.1_cds_WP_111724973.1_431	lcl|NZ_CP070228.1_cds_432	94.378	249	14	0	1	249	2131	2379	1.56e-107	383	252	99	2379
lcl|NC_014218.1_cds_WP_013169683.1_432	lcl|NZ_CP070228.1_cds_WP_204425097.1_433	81.378	929	169	4	1	927	1	927	0.0	754	927	100	927
lcl|NC_014218.1_cds_WP_013169685.1_434	lcl|NZ_CP070228.1_cds_WP_204425103.1_437	76.508	2537	576	20	100	2626	100	2626	0.0	1365	2673	95	2673
lcl|NC_014218.1_cds_WP_013169703.1_452	lcl|NZ_CP070228.1_cds_WP_204425129.1_447	82.814	1670	283	4	1	1668	1	1668	0.0	1491	1683	99	1683
lcl|NC_014218.1_cds_WP_013169723.1_475	lcl|NZ_CP070228.1_cds_WP_204425705.1_460	79.677	930	179	9	1	925	4	928	0.0	662	927	99	930
lcl|NC_014218.1_cds_WP_013169725.1_477	lcl|NZ_CP070228.1_cds_WP_013169725.1_462	95.706	163	7	0	1	163	1	163	1.34e-71	263	165	99	165
lcl|NC_014218.1_cds_WP_013169780.1_536	lcl|NZ_CP070228.1_cds_WP_204425213.1_516	81.386	1558	260	17	1	1535	1	1551	0.0	1243	1539	99	1551
lcl|NC_014218.1_cds_WP_013169781.1_537	lcl|NZ_CP070228.1_cds_WP_239519548.1_518	85.714	665	91	3	55	717	10	672	0.0	699	717	92	672
lcl|NC_014218.1_cds_WP_013169789.1_545	lcl|NZ_CP070228.1_cds_WP_204425218.1_522	81.365	2608	467	15	1	2600	1	2597	0.0	2106	2673	97	2673
lcl|NC_014218.1_cds_WP_013169792.1_550	lcl|NZ_CP070228.1_cds_WP_204425223.1_527	80.340	3179	613	11	8	3180	14	3186	0.0	2398	3180	99	3186
lcl|NC_014218.1_cds_WP_013169799.1_557	lcl|NZ_CP070228.1_cds_WP_204425229.1_534	79.270	1452	293	7	1	1448	1	1448	0.0	1007	1542	94	1554
lcl|NC_014218.1_cds_WP_049765809.1_558	lcl|NZ_CP070228.1_cds_WP_204425230.1_535	72.543	1038	257	24	7	1030	49	1072	9.02e-86	313	1032	99	1074
lcl|NC_014218.1_cds_WP_013169801.1_559	lcl|NZ_CP070228.1_cds_WP_204425231.1_536	93.590	390	25	0	1	390	1	390	2.29e-167	582	390	100	390
lcl|NC_014218.1_cds_WP_261974472.1_562	lcl|NZ_CP070228.1_cds_WP_204425233.1_538	88.049	410	49	0	13	422	1	410	2.11e-138	486	444	92	465
lcl|NC_014218.1_cds_WP_013169806.1_563	lcl|NZ_CP070228.1_cds_WP_204425234.1_539	93.671	237	15	0	1	237	1	237	3.18e-99	355	237	100	237
lcl|NC_014218.1_cds_WP_013169809.1_566	lcl|NZ_CP070228.1_cds_WP_239519580.1_542	85.207	338	50	0	1	338	4	341	8.19e-97	348	354	95	348
lcl|NC_014218.1_cds_WP_013169820.1_577	lcl|NZ_CP070228.1_cds_WP_204425249.1_551	88.789	776	85	2	1	775	1	775	0.0	950	816	95	825
lcl|NC_014218.1_cds_WP_013169821.1_578	lcl|NZ_CP070228.1_cds_WP_204425250.1_552	86.806	864	114	0	1	864	1	864	0.0	965	867	99	873
lcl|NC_014218.1_cds_WP_013169822.1_579	lcl|NZ_CP070228.1_cds_WP_204425251.1_553	74.457	736	172	13	1	728	1	728	3.99e-83	303	762	96	777
lcl|NC_014218.1_cds_WP_013169834.1_595	lcl|NZ_CP070228.1_cds_WP_204425257.1_560	79.466	711	142	4	20	728	20	728	1.28e-142	501	741	96	741
lcl|NC_014218.1_cds_WP_013169836.1_597	lcl|NZ_CP070228.1_cds_WP_204425261.1_562	72.991	896	222	17	9	894	9	894	7.86e-81	296	894	99	894
lcl|NC_014218.1_cds_WP_013169842.1_603	lcl|NZ_CP070228.1_cds_WP_204425273.1_568	82.000	100	18	0	737	836	737	836	1.76e-17	86.1	852	12	849
lcl|NC_014218.1_cds_WP_013169843.1_604	lcl|NZ_CP070228.1_cds_WP_204425274.1_569	79.203	1731	340	14	1	1721	1	1721	0.0	1184	1788	96	1788
lcl|NC_014218.1_cds_WP_013169848.1_609	lcl|NZ_CP070228.1_cds_WP_204425278.1_574	84.082	2136	321	11	784	2914	778	2899	0.0	2043	2916	80	2901
lcl|NC_014218.1_cds_WP_013169848.1_609	lcl|NZ_CP070228.1_cds_WP_204425278.1_574	87.619	210	23	2	1	207	1	210	1.24e-63	241	2916	80	2901
lcl|NC_014218.1_cds_WP_013169849.1_610	lcl|NZ_CP070228.1_cds_WP_204425279.1_575	80.247	405	78	2	1	404	1	404	2.52e-83	303	489	83	456
lcl|NC_014218.1_cds_WP_013169865.1_629	lcl|NZ_CP070228.1_cds_WP_204425302.1_588	92.222	270	21	0	1	270	1	270	1.68e-107	383	270	100	270
lcl|NC_014218.1_cds_WP_041640339.1_630	lcl|NZ_CP070228.1_cds_WP_204425304.1_589	85.311	2301	326	9	1	2295	1	2295	0.0	2366	2382	96	2364
lcl|NC_014218.1_cds_WP_013169870.1_636	lcl|NZ_CP070228.1_cds_WP_204425314.1_594	82.973	1110	189	0	1	1110	1	1110	0.0	1003	1125	99	1125
lcl|NC_014218.1_cds_WP_013169871.1_637	lcl|NZ_CP070228.1_cds_WP_204425316.1_595	81.232	1769	327	5	1	1767	1	1766	0.0	1423	1791	99	1791
lcl|NC_014218.1_cds_WP_013169873.1_639	lcl|NZ_CP070228.1_cds_WP_204425330.1_606	85.253	434	56	8	242	671	239	668	2.62e-124	440	687	63	678
lcl|NC_014218.1_cds_WP_258399713.1_643	lcl|NZ_CP070228.1_cds_WP_204425337.1_610	74.692	569	128	12	1	561	1	561	8.96e-64	239	603	93	585
lcl|NC_014218.1_cds_WP_013169909.1_674	lcl|NZ_CP070228.1_cds_WP_204425372.1_642	80.423	945	183	2	1	944	1	944	0.0	719	1218	78	1236
lcl|NC_014218.1_cds_WP_013169913.1_678	lcl|NZ_CP070228.1_cds_WP_204425376.1_646	80.137	584	107	7	1	578	1	581	1.71e-120	427	579	99	582
lcl|NC_014218.1_cds_WP_013169923.1_689	lcl|NZ_CP070228.1_cds_WP_204425390.1_657	81.519	1396	254	4	1	1394	1	1394	0.0	1146	1395	99	1395
lcl|NC_014218.1_cds_WP_013169949.1_714	lcl|NZ_CP070228.1_cds_WP_204425442.1_692	82.760	2761	462	11	1	2754	1	2754	0.0	2449	2754	100	2754
lcl|NC_014218.1_cds_WP_013169950.1_715	lcl|NZ_CP070228.1_cds_WP_204425444.1_693	81.643	414	76	0	1	414	1	414	1.25e-95	344	414	100	414
lcl|NC_014218.1_cds_WP_013169962.1_727	lcl|NZ_CP070228.1_cds_WP_204425482.1_722	78.223	1373	293	6	53	1422	53	1422	0.0	874	1428	96	1428
lcl|NC_014218.1_cds_WP_013169978.1_743	lcl|NZ_CP070228.1_cds_WP_204425502.1_735	84.629	566	87	0	8	573	8	573	1.33e-161	564	618	92	624
lcl|NC_014218.1_cds_WP_013169982.1_747	lcl|NZ_CP070228.1_cds_WP_204425506.1_739	85.340	1221	175	3	1	1219	1	1219	0.0	1260	1221	99	1221
lcl|NC_014218.1_cds_WP_013169993.1_758	lcl|NZ_CP070228.1_cds_WP_204425749.1_749	75.616	2112	493	21	1	2101	1	2101	0.0	1027	2106	99	2106
lcl|NC_014218.1_cds_WP_013170042.1_812	lcl|NZ_CP070228.1_cds_WP_204425572.1_791	83.312	767	124	4	1	765	1	765	0.0	704	765	100	765
lcl|NC_014218.1_cds_WP_013170057.1_827	lcl|NZ_CP070228.1_cds_806	79.706	340	65	4	1429	1766	1441	1778	2.19e-64	243	1863	18	1875
lcl|NC_014218.1_cds_WP_013170077.1_847	lcl|NZ_CP070228.1_cds_WP_204425626.1_826	74.580	417	106	0	18	434	18	434	9.35e-47	183	1302	32	1281
lcl|NC_014218.1_cds_WP_041640364.1_872	lcl|NZ_CP070228.1_cds_WP_204422961.1_851	78.176	2094	412	38	1	2070	1	2073	0.0	1293	2094	99	2097
lcl|NC_014218.1_cds_WP_013170104.1_874	lcl|NZ_CP070228.1_cds_WP_204422962.1_853	86.923	780	102	0	1	780	1	780	0.0	876	780	100	780
lcl|NC_014218.1_cds_WP_013170105.1_875	lcl|NZ_CP070228.1_cds_WP_204422964.1_854	83.180	1195	199	2	1	1194	1	1194	0.0	1092	1194	100	1194
lcl|NC_014218.1_cds_WP_013170112.1_883	lcl|NZ_CP070228.1_cds_WP_204425760.1_866	81.459	987	183	0	1	987	1	987	0.0	809	987	100	987
lcl|NC_014218.1_cds_WP_013170115.1_886	lcl|NZ_CP070228.1_cds_WP_204423006.1_875	91.553	1468	113	9	1	1461	1	1464	0.0	2013	1470	99	1473
lcl|NC_014218.1_cds_WP_223804439.1_890	lcl|NZ_CP070228.1_cds_WP_239519586.1_879	80.279	573	107	6	43	612	43	612	1.84e-120	427	621	92	621
lcl|NC_014218.1_cds_WP_013170120.1_891	lcl|NZ_CP070228.1_cds_WP_204423016.1_880	83.088	1425	229	11	1	1419	1	1419	0.0	1286	1419	100	1419
lcl|NC_014218.1_cds_WP_013170130.1_901	lcl|NZ_CP070228.1_cds_WP_204423031.1_890	76.549	823	173	20	1	813	1	813	5.41e-122	433	843	96	843
lcl|NC_014218.1_cds_WP_013170154.1_927	lcl|NZ_CP070228.1_cds_WP_204423067.1_916	76.206	622	148	0	434	1055	434	1055	9.84e-91	329	1131	55	1131
lcl|NC_014218.1_cds_WP_013170172.1_946	lcl|NZ_CP070228.1_cds_WP_204423120.1_941	76.033	847	188	14	13	851	12	851	1.24e-119	425	1146	73	1146
lcl|NC_014218.1_cds_WP_261974476.1_951	lcl|NZ_CP070228.1_cds_WP_204423128.1_946	80.952	924	164	11	4	921	1	918	0.0	721	921	99	918
lcl|NC_014218.1_cds_WP_013170184.1_958	lcl|NZ_CP070228.1_cds_WP_013170184.1_953	96.410	195	7	0	1	195	1	195	2.62e-89	322	195	100	195
lcl|NC_014218.1_cds_WP_081440773.1_959	lcl|NZ_CP070228.1_cds_WP_204423141.1_954	84.628	618	93	2	1	617	52	668	1.37e-176	614	645	96	696
lcl|NC_014218.1_cds_WP_013170193.1_967	lcl|NZ_CP070228.1_cds_WP_204423154.1_962	80.934	514	92	5	1	511	1	511	9.13e-113	401	513	99	513
lcl|NC_014218.1_cds_WP_041640373.1_976	lcl|NZ_CP070228.1_cds_WP_239519485.1_968	77.416	859	178	12	1	851	1	851	1.95e-141	497	867	98	864
lcl|NC_014218.1_cds_WP_013170204.1_980	lcl|NZ_CP070228.1_cds_WP_204423179.1_975	80.515	1863	357	5	1	1860	1	1860	0.0	1424	1860	100	1860
lcl|NC_014218.1_cds_WP_013170208.1_984	lcl|NZ_CP070228.1_cds_WP_204423187.1_979	91.386	267	23	0	1	267	1	267	1.67e-102	366	267	100	267
lcl|NC_014218.1_cds_WP_013170216.1_992	lcl|NZ_CP070228.1_cds_WP_204423199.1_985	79.435	2869	564	21	1	2856	1	2856	0.0	2006	2880	99	2880
lcl|NC_014218.1_cds_WP_013170240.1_1016	lcl|NZ_CP070228.1_cds_WP_204423259.1_1007	76.717	3217	689	50	1	3187	1	3187	0.0	1736	3192	99	3192
lcl|NC_014218.1_cds_WP_013170272.1_1052	lcl|NZ_CP070228.1_cds_WP_204423315.1_1036	83.532	419	69	0	1	419	1	419	4.99e-110	392	468	90	471
lcl|NC_014218.1_cds_WP_013170274.1_1054	lcl|NZ_CP070228.1_cds_WP_239519490.1_1038	77.815	595	124	8	57	647	57	647	2.12e-100	361	693	85	738
lcl|NC_014218.1_cds_WP_013170278.1_1058	lcl|NZ_CP070228.1_cds_WP_013170278.1_1042	96.899	258	8	0	1	258	1	258	1.57e-122	433	258	100	258
lcl|NC_014218.1_cds_WP_013170279.1_1059	lcl|NZ_CP070228.1_cds_WP_013170279.1_1043	94.771	306	16	0	1	306	1	306	8.58e-136	477	306	100	306
lcl|NC_014218.1_cds_WP_013170281.1_1061	lcl|NZ_CP070228.1_cds_WP_204423328.1_1045	77.096	1515	317	25	1	1500	1	1500	0.0	848	1500	100	1500
lcl|NC_014218.1_cds_WP_013170282.1_1062	lcl|NZ_CP070228.1_cds_WP_204423330.1_1046	79.505	1132	214	15	1	1123	1	1123	0.0	789	1140	99	1140
lcl|NC_014218.1_cds_WP_013170284.1_1064	lcl|NZ_CP070228.1_cds_WP_239519492.1_1048	71.208	1622	425	39	55	1655	52	1652	9.09e-103	370	1761	91	1758
lcl|NC_014218.1_cds_WP_013170294.1_1074	lcl|NZ_CP070228.1_cds_WP_091280916.1_1058	96.354	192	7	0	1	192	1	192	1.20e-87	316	192	100	192
lcl|NC_014218.1_cds_WP_013170321.1_1101	lcl|NZ_CP070228.1_cds_WP_204423423.1_1086	76.960	421	93	3	265	683	241	659	3.80e-63	237	708	59	684
lcl|NC_014218.1_cds_WP_013170336.1_1116	lcl|NZ_CP070228.1_cds_WP_239519494.1_1103	79.114	1264	260	4	106	1367	34	1295	0.0	869	1389	91	1329
lcl|NC_014218.1_cds_WP_187286522.1_1132	lcl|NZ_CP070228.1_cds_WP_204423525.1_1132	77.681	802	165	11	136	930	160	954	2.75e-135	477	939	85	963
lcl|NC_014218.1_cds_WP_013170380.1_1158	lcl|NZ_CP070228.1_cds_WP_204425172.1_479	76.650	1182	252	19	1	1170	1	1170	0.0	632	1212	97	1221
lcl|NC_014218.1_cds_WP_013170384.1_1162	lcl|NZ_CP070228.1_cds_WP_204423554.1_1150	75.118	1270	298	18	28	1288	25	1285	1.02e-165	579	1296	97	1293
lcl|NC_014218.1_cds_WP_013170387.1_1165	lcl|NZ_CP070228.1_cds_WP_204423574.1_1157	80.000	150	28	2	730	878	730	878	2.18e-24	110	1755	8	1755
lcl|NC_014218.1_cds_WP_013170433.1_1215	lcl|NZ_CP070228.1_cds_WP_204423648.1_1198	80.180	222	44	0	616	837	616	837	6.01e-42	167	837	27	837
lcl|NC_014218.1_cds_WP_013170434.1_1216	lcl|NZ_CP070228.1_cds_WP_204423650.1_1199	76.250	1520	339	19	1	1509	1	1509	0.0	787	1509	100	1509
lcl|NC_014218.1_cds_WP_231958010.1_1226	lcl|NZ_CP070228.1_cds_WP_204423671.1_1209	82.716	81	14	0	103	183	94	174	1.98e-13	73.1	1221	7	1212
lcl|NC_014218.1_cds_WP_013170457.1_1239	lcl|NZ_CP070228.1_cds_WP_204423695.1_1223	86.667	105	12	2	1	104	1	104	4.37e-27	115	180	58	183
lcl|NC_014218.1_cds_WP_013170473.1_1255	lcl|NZ_CP070228.1_cds_WP_204423716.1_1239	78.433	1289	268	10	1	1284	1	1284	0.0	832	1284	100	1284
lcl|NC_014218.1_cds_WP_013170484.1_1266	lcl|NZ_CP070228.1_cds_WP_091280476.1_1244	87.161	997	126	2	1	996	1	996	0.0	1131	996	100	996
lcl|NC_014218.1_cds_WP_013170492.1_1273	lcl|NZ_CP070228.1_cds_WP_204423737.1_1253	80.087	919	181	2	1	918	1	918	0.0	682	921	99	927
lcl|NC_014218.1_cds_WP_013170495.1_1276	lcl|NZ_CP070228.1_cds_WP_204423742.1_1256	77.139	2069	451	22	160	2217	163	2220	0.0	1181	2511	82	2520
lcl|NC_014218.1_cds_WP_013170501.1_1285	lcl|NZ_CP070228.1_cds_WP_204423790.1_1287	90.461	1562	149	0	1	1562	1	1562	0.0	2060	1566	99	1566
lcl|NC_014218.1_cds_WP_013170501.1_1285	lcl|NZ_CP070228.1_cds_1275	89.681	407	39	2	1159	1562	13	419	9.79e-147	516	1566	26	423
lcl|NC_014218.1_cds_WP_013170501.1_1285	lcl|NZ_CP070228.1_cds_1272	80.882	272	47	5	1291	1561	1	268	1.86e-54	209	1566	17	271
lcl|NC_014218.1_cds_WP_013170504.1_1286	lcl|NZ_CP070228.1_cds_WP_204423792.1_1288	89.167	240	24	2	12	250	12	250	6.64e-82	298	285	84	267
lcl|NC_014218.1_cds_WP_013170508.1_1290	lcl|NZ_CP070228.1_cds_WP_204423794.1_1289	91.595	928	78	0	1	928	1	928	0.0	1282	930	99	930
lcl|NC_014218.1_cds_WP_013170513.1_1295	lcl|NZ_CP070228.1_cds_WP_204423806.1_1296	84.294	1388	216	2	1	1387	1	1387	0.0	1354	1389	99	1389
lcl|NC_014218.1_cds_WP_013170516.1_1298	lcl|NZ_CP070228.1_cds_WP_204423810.1_1299	75.869	1554	357	16	1	1545	1	1545	0.0	776	1545	100	1545
lcl|NC_014218.1_cds_WP_013170520.1_1304	lcl|NZ_CP070228.1_cds_WP_204423820.1_1306	88.215	297	35	0	1	297	1	297	4.06e-99	355	297	100	297
lcl|NC_014218.1_cds_WP_013170523.1_1307	lcl|NZ_CP070228.1_cds_WP_204423828.1_1310	87.027	740	96	0	1	740	1	740	0.0	835	744	99	744
lcl|NC_014218.1_cds_WP_013170524.1_1308	lcl|NZ_CP070228.1_cds_WP_204423830.1_1311	85.707	1973	278	4	1	1971	1	1971	0.0	2078	1971	100	1971
lcl|NC_014218.1_cds_WP_170121734.1_1309	lcl|NZ_CP070228.1_cds_WP_204423832.1_1312	81.497	708	129	2	1	707	1	707	1.55e-166	580	717	99	717
lcl|NC_014218.1_cds_WP_013170535.1_1319	lcl|NZ_CP070228.1_cds_WP_204423851.1_1322	91.770	486	40	0	1	486	1	486	0.0	676	486	100	486
lcl|NC_014218.1_cds_WP_041640978.1_1320	lcl|NZ_CP070228.1_cds_WP_204423852.1_1323	90.991	444	40	0	1	444	1	444	2.59e-172	599	444	100	444
lcl|NC_014218.1_cds_WP_013170537.1_1321	lcl|NZ_CP070228.1_cds_WP_204423854.1_1324	73.943	733	165	24	1	720	1	720	1.31e-73	272	882	82	885
lcl|NC_014218.1_cds_WP_013170540.1_1323	lcl|NZ_CP070228.1_cds_1326	88.330	437	48	2	1	434	1	437	6.51e-149	521	498	87	438
lcl|NC_014218.1_cds_WP_013170541.1_1324	lcl|NZ_CP070228.1_cds_WP_204423859.1_1327	85.871	1005	142	0	1	1005	1	1005	0.0	1070	1005	100	1005
lcl|NC_014218.1_cds_WP_013170543.1_1326	lcl|NZ_CP070228.1_cds_WP_204423863.1_1329	92.077	366	29	0	1	366	1	366	2.26e-147	516	375	98	369
lcl|NC_014218.1_cds_WP_013170544.1_1327	lcl|NZ_CP070228.1_cds_WP_013170544.1_1330	97.321	112	3	0	1	112	1	112	4.16e-50	191	114	98	114
lcl|NC_014218.1_cds_WP_013170545.1_1328	lcl|NZ_CP070228.1_cds_WP_013170545.1_1331	96.396	222	8	0	1	222	1	222	1.37e-102	366	222	100	222
lcl|NC_014218.1_cds_WP_013170561.1_1344	lcl|NZ_CP070228.1_cds_WP_204425819.1_1334	82.609	1288	222	2	1	1287	1	1287	0.0	1136	1287	100	1287
lcl|NC_014218.1_cds_WP_013170563.1_1346	lcl|NZ_CP070228.1_cds_WP_013170563.1_1336	92.896	183	13	0	1	183	1	183	1.16e-72	267	183	100	183
lcl|NC_014218.1_cds_WP_013170564.1_1347	lcl|NZ_CP070228.1_cds_WP_204423868.1_1337	87.147	708	91	0	1	708	1	708	0.0	804	708	100	708
lcl|NC_014218.1_cds_WP_013170565.1_1348	lcl|NZ_CP070228.1_cds_WP_204425823.1_1338	88.441	372	43	0	1	372	1	372	2.30e-127	449	372	100	372
lcl|NC_014218.1_cds_WP_013170566.1_1349	lcl|NZ_CP070228.1_cds_WP_204423870.1_1339	83.613	537	88	0	1	537	1	537	7.09e-144	505	537	100	537
lcl|NC_014218.1_cds_WP_013170567.1_1350	lcl|NZ_CP070228.1_cds_WP_204423872.1_1340	92.982	399	28	0	1	399	1	399	2.34e-167	582	399	100	399
lcl|NC_014218.1_cds_WP_013170568.1_1351	lcl|NZ_CP070228.1_cds_WP_204423874.1_1341	92.473	186	14	0	1	186	1	186	1.18e-72	267	186	100	186
lcl|NC_014218.1_cds_WP_041640984.1_1352	lcl|NZ_CP070228.1_cds_WP_239519593.1_1342	86.747	498	66	0	49	546	1	498	7.06e-159	555	546	91	498
lcl|NC_014218.1_cds_WP_013170570.1_1353	lcl|NZ_CP070228.1_cds_WP_204423876.1_1343	88.986	345	38	0	1	345	1	345	9.96e-121	427	345	100	345
lcl|NC_014218.1_cds_WP_013170571.1_1354	lcl|NZ_CP070228.1_cds_WP_013170571.1_1344	95.664	369	16	0	1	369	1	369	9.96e-171	593	369	100	369
lcl|NC_014218.1_cds_WP_013170572.1_1355	lcl|NZ_CP070228.1_cds_WP_204423878.1_1345	95.439	285	13	0	1	285	1	285	3.72e-129	455	285	100	285
lcl|NC_014218.1_cds_WP_181461421.1_1356	lcl|NZ_CP070228.1_cds_WP_204425827.1_1346	93.607	219	14	0	1	219	1	219	6.36e-91	327	219	100	219
lcl|NC_014218.1_cds_WP_013170574.1_1357	lcl|NZ_CP070228.1_cds_WP_204423880.1_1347	96.403	417	15	0	1	417	1	417	0.0	688	417	100	417
lcl|NC_014218.1_cds_WP_013170575.1_1358	lcl|NZ_CP070228.1_cds_WP_204423882.1_1348	89.091	825	90	0	1	825	1	825	0.0	1026	825	100	825
lcl|NC_014218.1_cds_WP_013170577.1_1360	lcl|NZ_CP070228.1_cds_WP_204423885.1_1350	96.113	283	9	2	1	282	1	282	7.91e-131	460	282	100	282
lcl|NC_014218.1_cds_WP_013170578.1_1361	lcl|NZ_CP070228.1_cds_WP_204423886.1_1351	92.115	837	66	0	1	837	1	837	0.0	1181	837	100	837
lcl|NC_014218.1_cds_WP_013170579.1_1362	lcl|NZ_CP070228.1_cds_WP_204423888.1_1352	92.063	315	25	0	1	315	1	315	8.97e-126	444	315	100	315
lcl|NC_014218.1_cds_WP_013170580.1_1363	lcl|NZ_CP070228.1_cds_WP_204423890.1_1353	86.728	648	86	0	1	648	1	648	0.0	721	648	100	648
lcl|NC_014218.1_cds_WP_013170581.1_1364	lcl|NZ_CP070228.1_cds_WP_204423892.1_1354	89.686	669	69	0	1	669	1	669	0.0	854	669	100	669
lcl|NC_014218.1_cds_WP_013170582.1_1365	lcl|NZ_CP070228.1_cds_WP_013170582.1_1355	97.735	309	7	0	1	309	1	309	1.82e-152	532	309	100	309
lcl|NC_014218.1_cds_WP_013170583.1_1366	lcl|NZ_CP070228.1_cds_WP_204423893.1_1356	93.031	1191	83	0	1	1191	1	1191	0.0	1740	1191	100	1191
lcl|NC_014218.1_cds_WP_013170584.1_1367	lcl|NZ_CP070228.1_cds_WP_204423895.1_1357	88.507	2123	240	3	1	2121	1	2121	0.0	2566	2121	100	2121
lcl|NC_014218.1_cds_WP_013170585.1_1368	lcl|NZ_CP070228.1_cds_WP_204423896.1_1358	90.658	471	44	0	1	471	1	471	1.27e-180	627	471	100	471
lcl|NC_014218.1_cds_WP_013170586.1_1369	lcl|NZ_CP070228.1_cds_WP_013170586.1_1359	93.067	375	26	0	1	375	1	375	2.22e-157	549	375	100	375
lcl|NC_014218.1_cds_WP_013170588.1_1371	lcl|NZ_CP070228.1_cds_WP_204423899.1_1361	83.757	3977	644	2	1	3976	1	3976	0.0	3764	3978	99	3978
lcl|NC_014218.1_cds_WP_013170589.1_1372	lcl|NZ_CP070228.1_cds_WP_204423901.1_1362	85.727	3468	489	5	1	3465	1	3465	0.0	3657	3465	100	3465
lcl|NC_014218.1_cds_WP_013170590.1_1373	lcl|NZ_CP070228.1_cds_WP_204423903.1_1363	93.798	387	21	1	1	384	1	387	2.91e-166	579	384	100	387
lcl|NC_014218.1_cds_WP_013170591.1_1374	lcl|NZ_CP070228.1_cds_WP_204423904.1_1364	91.445	526	43	2	1	525	1	525	0.0	721	525	100	525
lcl|NC_014218.1_cds_WP_013170593.1_1376	lcl|NZ_CP070228.1_cds_WP_204423908.1_1366	89.067	686	75	0	1	686	1	686	0.0	852	702	98	705
lcl|NC_014218.1_cds_WP_013170594.1_1377	lcl|NZ_CP070228.1_cds_WP_204423909.1_1367	91.494	435	37	0	1	435	1	435	2.55e-172	599	435	100	435
lcl|NC_014218.1_cds_WP_013170595.1_1378	lcl|NZ_CP070228.1_cds_WP_204423911.1_1368	83.148	629	104	2	240	867	201	828	3.14e-164	573	867	72	828
lcl|NC_014218.1_cds_WP_013170597.1_1380	lcl|NZ_CP070228.1_cds_WP_204423915.1_1370	88.328	1208	137	4	1	1206	1	1206	0.0	1447	1206	100	1206
lcl|NC_014218.1_cds_WP_013170598.1_1381	lcl|NZ_CP070228.1_cds_WP_204423916.1_1371	96.454	282	10	0	1	282	1	282	1.70e-132	466	282	100	282
lcl|NC_014218.1_cds_WP_041640994.1_1399	lcl|NZ_CP070228.1_cds_WP_204425829.1_1389	77.113	284	59	5	1	281	1	281	3.27e-40	159	285	99	285
lcl|NC_014218.1_cds_WP_013170623.1_1406	lcl|NZ_CP070228.1_cds_WP_204423954.1_1396	74.911	1686	381	40	1	1665	1	1665	0.0	732	1665	100	1665
lcl|NC_014218.1_cds_WP_111724947.1_1412	lcl|NZ_CP070228.1_cds_WP_204423963.1_1402	81.194	1909	357	2	3	1910	6	1913	0.0	1535	1923	99	1926
lcl|NC_014218.1_cds_WP_013170636.1_1419	lcl|NZ_CP070228.1_cds_WP_204423975.1_1409	80.553	1013	187	10	1	1008	1	1008	0.0	771	1008	100	1008
lcl|NC_014218.1_cds_WP_013170650.1_1433	lcl|NZ_CP070228.1_cds_WP_204424005.1_1423	76.600	2000	419	31	1	1980	1	1971	0.0	1055	1980	100	1971
lcl|NC_014218.1_cds_WP_013170651.1_1434	lcl|NZ_CP070228.1_cds_WP_204424007.1_1424	72.845	696	165	19	1	684	1	684	5.95e-57	217	846	81	852
lcl|NC_014218.1_cds_WP_013170685.1_1469	lcl|NZ_CP070228.1_cds_WP_204424077.1_1470	84.067	1067	168	2	1	1066	1	1066	0.0	1027	1098	97	1080
lcl|NC_014218.1_cds_WP_013170705.1_1491	lcl|NZ_CP070228.1_cds_WP_204424113.1_1492	89.236	1282	136	2	1	1281	1	1281	0.0	1602	1281	100	1281
lcl|NC_014218.1_cds_WP_013170708.1_1494	lcl|NZ_CP070228.1_cds_WP_204424117.1_1495	78.026	537	110	8	19	551	19	551	1.38e-91	331	582	92	591
lcl|NC_014218.1_cds_WP_041640425.1_1495	lcl|NZ_CP070228.1_cds_WP_204424119.1_1496	82.286	971	172	0	1	971	1	971	0.0	841	981	99	981
lcl|NC_014218.1_cds_WP_013170738.1_1528	lcl|NZ_CP070228.1_cds_WP_239519546.1_484	80.198	202	36	4	1389	1588	18	217	4.20e-36	148	1599	13	228
lcl|NC_014218.1_cds_WP_013170783.1_1580	lcl|NZ_CP070228.1_cds_WP_204424166.1_1523	76.324	321	68	8	1	317	1	317	2.39e-41	165	924	34	945
lcl|NC_014218.1_cds_WP_013170806.1_1603	lcl|NZ_CP070228.1_cds_WP_204424206.1_1547	87.600	1621	201	0	1	1621	1	1621	0.0	1881	1623	99	1623
lcl|NC_014218.1_cds_WP_013170834.1_1634	lcl|NZ_CP070228.1_cds_WP_204424240.1_1573	80.657	548	102	4	1	546	1	546	7.48e-119	422	546	100	546
lcl|NC_014218.1_cds_WP_013170838.1_1638	lcl|NZ_CP070228.1_cds_WP_204424241.1_1574	86.062	739	103	0	1	739	1	739	0.0	795	741	99	741
lcl|NC_014218.1_cds_WP_049765858.1_1648	lcl|NZ_CP070228.1_cds_WP_204424252.1_1582	92.298	831	64	0	1	831	1	831	0.0	1181	831	100	831
lcl|NC_014218.1_cds_WP_013170848.1_1649	lcl|NZ_CP070228.1_cds_WP_204424253.1_1583	93.436	777	51	0	1	777	1	777	0.0	1153	777	100	777
lcl|NC_014218.1_cds_WP_013170849.1_1650	lcl|NZ_CP070228.1_cds_WP_204424255.1_1584	98.246	342	6	0	1	342	1	342	1.98e-172	599	342	100	342
lcl|NC_014218.1_cds_WP_013170850.1_1651	lcl|NZ_CP070228.1_cds_WP_204424259.1_1586	91.538	390	33	0	1	390	1	390	5.02e-154	538	390	100	390
lcl|NC_014218.1_cds_WP_145961600.1_1652	lcl|NZ_CP070228.1_cds_WP_204424260.1_1587	90.101	495	49	0	4	498	1	495	0.0	643	498	99	495
lcl|NC_014218.1_cds_WP_013170852.1_1653	lcl|NZ_CP070228.1_cds_WP_204424262.1_1588	95.556	315	14	0	1	315	1	315	4.06e-144	505	315	100	315
lcl|NC_014218.1_cds_WP_187286508.1_1654	lcl|NZ_CP070228.1_cds_WP_204424264.1_1589	96.165	339	13	0	1	339	1	339	4.30e-159	555	339	100	339
lcl|NC_014218.1_cds_WP_187286508.1_1654	lcl|NZ_CP070228.1_cds_WP_204424266.1_1590	95.455	44	2	0	296	339	1	44	1.90e-13	71.3	339	13	1368
lcl|NC_014218.1_cds_WP_170121726.1_1655	lcl|NZ_CP070228.1_cds_WP_204424266.1_1590	92.082	1364	104	2	1	1362	7	1368	0.0	1917	1362	100	1368
lcl|NC_014218.1_cds_WP_170121726.1_1655	lcl|NZ_CP070228.1_cds_WP_204424264.1_1589	94.737	38	2	0	1	38	302	339	1.72e-09	60.2	1362	3	339
lcl|NC_014218.1_cds_WP_013170855.1_1656	lcl|NZ_CP070228.1_cds_WP_204424268.1_1591	95.264	549	26	0	1	549	1	549	0.0	870	549	100	549
lcl|NC_014218.1_cds_WP_013170856.1_1657	lcl|NZ_CP070228.1_cds_WP_204424270.1_1592	85.211	852	112	10	31	875	1	845	0.0	863	876	96	855
lcl|NC_014218.1_cds_WP_187286509.1_1658	lcl|NZ_CP070228.1_cds_WP_204424272.1_1593	92.405	237	18	0	1	237	13	249	3.20e-94	339	237	100	249
lcl|NC_014218.1_cds_WP_013170859.1_1659	lcl|NZ_CP070228.1_cds_WP_204424276.1_1595	92.891	1674	118	1	1	1673	1	1674	0.0	2431	1683	99	1680
lcl|NC_014218.1_cds_WP_013170861.1_1661	lcl|NZ_CP070228.1_cds_WP_204424280.1_1597	91.202	807	71	0	1	807	1	807	0.0	1098	813	99	813
lcl|NC_014218.1_cds_WP_013170862.1_1662	lcl|NZ_CP070228.1_cds_WP_204424282.1_1598	91.119	1644	146	0	1	1644	1	1644	0.0	2228	1644	100	1644
lcl|NC_014218.1_cds_WP_013170863.1_1663	lcl|NZ_CP070228.1_cds_WP_204424284.1_1599	91.812	2406	191	2	1	2403	1	2403	0.0	3347	2403	100	2403
lcl|NC_014218.1_cds_WP_013170863.1_1663	lcl|NZ_CP070228.1_cds_WP_168918438.1_1600	96.226	53	2	0	1	53	314	366	1.40e-17	87.9	2403	2	366
lcl|NC_014218.1_cds_WP_013170864.1_1664	lcl|NZ_CP070228.1_cds_WP_168918438.1_1600	93.443	366	24	0	1	366	1	366	1.01e-155	544	366	100	366
lcl|NC_014218.1_cds_WP_013170864.1_1664	lcl|NZ_CP070228.1_cds_WP_204424284.1_1599	96.226	53	2	0	314	366	1	53	2.04e-18	87.9	366	14	2403
lcl|NC_014218.1_cds_WP_013170865.1_1665	lcl|NZ_CP070228.1_cds_WP_204424285.1_1601	91.667	192	16	0	1	192	1	192	1.27e-72	267	198	97	198
lcl|NC_014218.1_cds_WP_013170867.1_1667	lcl|NZ_CP070228.1_cds_WP_204424289.1_1603	86.810	978	118	8	1	971	1	974	0.0	1081	975	99	978
lcl|NC_014218.1_cds_WP_013170872.1_1672	lcl|NZ_CP070228.1_cds_WP_204424299.1_1608	77.711	2674	562	28	1	2654	1	2660	0.0	1605	2760	96	2760
lcl|NC_014218.1_cds_WP_013170875.1_1675	lcl|NZ_CP070228.1_cds_WP_204424316.1_1611	82.288	1801	312	5	1	1796	1	1799	0.0	1552	1803	99	1809
lcl|NC_014218.1_cds_WP_013170906.1_1706	lcl|NZ_CP070228.1_cds_WP_204424361.1_1636	82.536	899	145	12	51	943	66	958	0.0	780	2361	91	2421
lcl|NC_014218.1_cds_WP_013170906.1_1706	lcl|NZ_CP070228.1_cds_WP_204424361.1_1636	76.053	1282	283	20	972	2235	1020	2295	0.0	645	2361	91	2421
lcl|NC_014218.1_cds_WP_013170907.1_1707	lcl|NZ_CP070228.1_cds_WP_204424364.1_1637	82.742	1495	256	2	1	1494	1	1494	0.0	1330	1494	100	1494
lcl|NC_014218.1_cds_WP_013170908.1_1708	lcl|NZ_CP070228.1_cds_WP_204424365.1_1638	77.978	554	118	4	1	552	1	552	2.07e-95	344	675	82	699
lcl|NC_014218.1_cds_WP_013170920.1_1720	lcl|NZ_CP070228.1_cds_WP_204424396.1_1658	80.366	1258	234	11	1	1250	1	1253	0.0	942	1278	98	1284
lcl|NC_014218.1_cds_WP_013170949.1_1751	lcl|NZ_CP070228.1_cds_WP_204424444.1_1689	81.872	1186	211	4	22	1205	19	1202	0.0	996	1224	97	1221
lcl|NC_014218.1_cds_WP_013170961.1_1764	lcl|NZ_CP070228.1_cds_WP_204424460.1_1701	83.669	447	73	0	1	447	1	447	6.07e-119	422	447	100	447
lcl|NC_014218.1_cds_WP_013170962.1_1765	lcl|NZ_CP070228.1_cds_WP_204424462.1_1702	90.756	238	20	2	1	237	1	237	1.50e-87	316	237	100	237
lcl|NC_014218.1_cds_WP_013170963.1_1766	lcl|NZ_CP070228.1_cds_WP_204424463.1_1703	85.206	534	70	2	1	528	1	531	1.91e-154	540	528	100	531
lcl|NC_014218.1_cds_WP_013170964.1_1767	lcl|NZ_CP070228.1_cds_WP_204424466.1_1704	94.020	301	18	0	1	301	1	301	1.12e-129	457	306	98	306
lcl|NC_014218.1_cds_WP_013170968.1_1771	lcl|NZ_CP070228.1_cds_WP_204424473.1_1708	77.279	1448	323	6	1	1445	1	1445	0.0	846	1494	97	1494
lcl|NC_014218.1_cds_WP_013170969.1_1772	lcl|NZ_CP070228.1_cds_WP_204424474.1_1709	84.861	502	74	2	1	501	1	501	6.68e-144	505	507	99	507
lcl|NC_014218.1_cds_WP_013170982.1_1785	lcl|NZ_CP070228.1_cds_WP_013170982.1_1722	96.454	141	5	0	1	141	1	141	8.75e-63	233	141	100	141
