0.805
0.838
0.783
0.771
0.871
0.86
0.837
0.679
0.71
0.761
0.769
0.819
0.775
0.818
0.744
0.779
0.743
0.86
0.845
0.895
0.865
0.715
0.785
0.797
0.727
0.65
0.809
0.787
0.683
0.714
0.735
0.787
0.809
0.808
0.761
0.777
0.826
0.766
0.807
0.834
0.814
0.816
0.815
0.753
0.747
0.73
0.734
0.807
0.794
0.79
0.784
0.821
0.812
0.811
0.804
0.777
0.778
0.761
0.778
0.818
0.829
0.657
0.751
0.728
0.734
0.733
0.846
0.759
0.759
0.737
0.796
0.783
0.737
0.734
0.767
0.771
0.732
0.696
0.735
0.731
0.722
0.676
0.732
0.733
0.725
0.824
0.722
0.844
0.732
0.7
0.723
0.654
0.699
0.772
0.869
0.815
0.853
0.865
0.824
0.807
0.824
0.821
0.741
0.817
0.787
0.764
0.781
0.757
0.746
0.82
0.864
0.788
0.826
0.711
0.796
0.799
0.697
0.799
0.727
0.807
0.681
0.808
0.777
0.747
0.806
0.818
0.835
0.821
0.774
0.77
0.769
0.771
0.816
0.763
0.797
0.811
0.836
0.776
0.821
0.798
0.789
0.734
0.839
0.86
0.785
0.812
0.775
0.77
0.752
0.776
0.786
0.779
0.733
0.766
0.774
0.801
0.859
0.771
0.754
0.79
0.849
0.833
0.878
0.799
0.792
0.817
0.797
0.852
0.813
0.883
0.797
0.735
0.723
0.721
0.751
0.769
0.786
0.76
0.75
0.666
0.795
0.784
0.827
0.818
0.779
0.77
0.736
0.711
0.738
0.722
0.793
0.798
0.722
0.884
0.754
0.872
0.81
0.858
0.773
0.764
0.765
0.89
0.787
0.834
0.833
0.737
0.733
0.819
0.799
0.834
0.777
0.787
0.767
0.735
0.759
0.747
0.782
0.8
0.783
0.758
0.874
0.808
0.814
0.701
0.782
0.787
0.778
0.746
0.842
0.816
0.743
0.744
0.702
0.739
0.652
0.681
0.626
0.773
0.807
0.822
0.889
0.708
0.822
0.75
0.761
0.674
0.817
0.867
0.764
0.799
0.731
0.839
0.769
0.786
0.807
0.79
0.785
0.775
0.78
0.792
0.777
0.855
0.845
0.855
0.806
0.835
0.826
0.839
0.811
0.765
0.786
0.802
0.777
0.7
0.679
0.72
0.78
0.801
0.795
0.826
0.897
0.796
0.778
0.77
0.805
0.745
0.795
0.808
0.779
0.749
0.802
0.786
0.757
0.824
0.772
0.88
0.852
0.861
0.839
0.866
0.828
0.852
0.825
0.858
0.837
0.864
0.829
0.834
0.801
0.874
0.758
0.675
0.754
0.692
0.775
0.661
0.73
0.776
0.745
0.809
0.775
0.756
0.848
0.796
0.721
0.656
0.783
0.747
0.826
0.802
0.793
0.82
0.871
0.83
0.773
0.737
0.707
0.805
0.827
0.814
0.811
0.672
0.644
0.772
0.819
0.772
0.798
0.748
0.726
0.869
0.726
0.681
0.859
0.895
0.838
0.787
0.788
0.794
0.759
0.831
0.856
0.791
0.772
0.844
0.831
0.886
0.783
0.753
0.804
0.752
0.818
0.805
0.781
0.787
0.801
0.776
0.753
0.874
0.823
0.846
0.833
0.85
0.759
0.809
0.772
0.776
0.887
0.823
0.794
0.732
0.762
0.745
0.796
0.747
0.828
0.814
0.708
0.764
0.765
0.8
0.767
0.792
0.837
0.781
0.74
0.786
0.704
0.78
0.757
0.774
0.785
0.749
0.774
0.774
0.723
0.782
0.774
0.809
0.861
0.845
0.813
0.739
0.772
0.822
0.712
0.804
0.84
0.798
0.727
0.88
0.864
0.801
0.736
0.799
0.782
0.875
0.849
0.805
0.898
0.807
0.692
0.751
0.754
0.738
0.743
0.782
0.84
0.795
0.761
0.768
0.701
0.868
0.737
0.665
0.675
0.771
0.724
0.742
0.712
0.678
0.716
0.764
0.739
0.618
0.794
0.828
0.772
0.804
0.841
0.855
0.779
0.868
0.831
0.772
0.832
0.728
0.825
0.745
0.78
0.806
0.765
0.802
0.759
0.891
0.809
0.808
0.908
0.779
0.807
0.79
0.714
0.78
0.724
0.755
0.746
0.707
0.741
0.811
0.787
0.657
0.744
0.74
0.77
0.755
0.703
0.664
0.579
0.69
0.745
0.75
0.678
0.766
0.734
0.651
0.756
0.748
0.783
0.778
0.741
0.69
0.744
0.688
0.761
0.719
0.762
0.763
0.748
0.779
0.767
0.747
0.777
0.784
0.673
0.792
0.84
0.869
0.854
0.865
0.792
0.69
0.698
0.672
0.85
0.764
0.884
0.778
0.719
0.825
0.807
0.859
0.821
0.821
0.81
0.794
0.748
0.805
0.833
0.752
0.787
0.673
0.807
0.855
0.833
0.752
0.74
0.841
0.787
0.774
0.797
0.735
0.709
0.726
0.744
0.775
0.689
0.69
0.914
0.888
0.846
0.808
0.789
0.775
0.786
0.787
0.643
0.683
0.69
0.758
0.648
0.714
0.752
0.747
0.658
0.669
0.776
0.888
0.788
0.817
0.831
0.793
0.75
0.792
0.723
0.849
0.757
0.805
0.793
0.709
0.857
0.812
0.768
0.81
0.714
0.713
0.673
0.703
0.665
0.721
0.678
0.724
0.688
0.767
0.775
0.725
0.764
0.768
0.761
0.744
0.836
0.878
0.769
0.738
0.782
0.771
0.811
0.79
0.832
0.846
0.72
0.783
0.8
0.807
0.788
0.736
0.826
0.842
0.764
0.83
0.754
0.762
0.809
0.756
0.748
0.698
0.787
0.779
0.803
0.759
0.785
0.746
0.794
0.719
0.766
0.741
0.753
0.748
0.779
0.811
0.813
0.819
0.792
0.777
0.729
0.839
0.678
0.788
0.729
0.837
0.752
0.761
0.739
0.813
0.803
0.772
0.79
0.773
0.751
0.838
0.85
0.769
0.776
0.763
0.765
0.844
0.801
0.834
0.766
0.761
0.711
0.647
0.777
0.721
0.737
0.757
0.826
0.758
0.742
0.718
0.733
0.806
0.81
0.764
0.765
0.898
0.797
0.796
0.74
0.766
0.809
0.803
0.8
0.805
0.821
0.776
0.753
0.747
0.851
0.836
0.774
0.899
0.875
0.719
0.723
0.788
0.792
0.864
0.872
0.848
0.799
0.755
0.813
0.803
0.888
0.838
0.732
0.747
0.9
0.762
0.757
0.805
0.764
0.738
0.708
0.711
0.85
0.75
0.708
0.806
0.779
0.809
0.812
0.771
0.753
0.798
0.802
0.758
0.784
0.728
0.781
0.813
0.774
0.791
0.706
0.716
0.762
0.748
0.635
0.716
0.7
0.723
0.511
0.543
0.56
0.772
0.7
0.723
0.791
0.737
0.78
0.815
0.79
0.725
0.761
0.765
0.791
0.717
0.736
0.8
0.763
0.875
0.757
0.732
0.781
0.782
0.852
0.75
0.774
0.74
0.74
0.774
0.717
0.856
0.761
0.712
0.752
0.747
0.81
0.814
0.845
0.789
0.761
0.868
0.774
0.813
0.749
0.741
0.829
0.788
0.84
0.749
0.755
0.736
0.87
0.837
0.718
0.769
0.749
0.721
0.77
0.749
0.666
0.881
0.821
0.771
0.793
0.831
0.769
0.811
0.729
0.747
0.808
0.827
0.753
0.793
0.805
0.733
0.735
0.769
0.724
0.834
0.765
0.734
0.821
0.791
0.84
0.795
0.831
0.759
0.755
0.852
0.713
0.865
0.821
0.873
0.852
0.902
0.725
0.757
0.776
0.743
0.797
0.816
0.832
0.786
0.742
0.84
0.744
0.775
0.703
0.845
0.838
0.793
0.734
0.766
0.872
0.79
0.8
0.821
0.766
0.775
0.795
0.797
0.734
0.754
0.775
0.681
0.698
0.73
0.737
0.734
0.723
0.763
0.763
0.779
0.826
0.749
0.752
0.784
0.794
0.796
0.777
0.775
0.784
0.773
0.892
0.75
0.804
0.833
0.751
0.715
0.764
0.769
0.806
0.786
0.759
0.759
0.778
0.809
0.779
0.79
0.686
0.834
0.789
0.732
0.748
0.765
0.788
0.843
0.831
0.77
0.83
0.83
0.85
0.792
0.86
0.764
0.854
0.857
0.825
0.781
0.736
0.78
0.782
0.775
0.8
0.778
0.81
0.805
0.767
0.788
0.816
0.716
0.735
0.793
0.677
0.778
0.761
0.749
0.813
0.856
0.736
0.797
0.773
0.881
0.819
0.769
0.713
0.687
0.703
0.827
0.818
0.873
0.776
0.767
0.764
0.775
0.876
0.773
0.816
0.719
0.858
0.792
0.826
0.78
0.791
0.782
0.797
0.71
0.698
0.761
0.767
0.792
0.743
0.746
0.772
0.808
0.808
0.74
0.784
0.847
0.733
0.765
0.765
0.721
0.758
0.763
0.769
0.753
0.714
0.714
0.591
0.741
0.77
0.697
0.738
0.652
0.685
0.699
0.689
0.641
0.683
0.766
0.758
0.777
0.753
0.734
0.721
0.697
0.794
0.76
0.777
0.821
0.723
0.692
0.861
0.712
0.808
0.811
0.812
0.809
0.862
0.871
0.749
0.797
0.801
0.828
0.756
0.808
0.828
0.805
0.761
0.79
0.747
0.853
0.753
0.808
0.737
0.829
0.747
0.832
0.77
0.782
0.809
0.744
0.839
0.716
0.752
0.848
0.774
0.743
0.778
0.704
0.814
0.734
0.751
0.772
0.822
0.697
0.77
0.772
0.752
0.793
0.777
0.762
0.828
0.896
0.762
0.735
0.76
0.781
0.784
0.746
0.739
0.747
0.772
0.857
0.735
0.755
0.76
0.693
0.787
0.753
0.752
0.847
0.859
0.692
0.774
0.87
0.788
0.824
0.771
0.82
0.733
0.724
0.772
0.736
0.739
0.748
0.781
0.799
0.771
0.725
0.751
0.753
0.779
0.713
0.743
0.773
0.754
0.798
0.761
0.762
0.818
0.774
0.83
0.753
0.819
0.813
0.789
0.777
0.806
0.858
0.809
0.705
0.713
0.708
0.727
0.715
0.756
0.693
0.751
0.724
0.76
0.693
0.702
0.663
0.813
0.703
0.7
0.725
0.757
0.707
0.712
0.703
0.637
0.613
0.747
0.713
0.714
0.647
0.703
0.72
0.758
0.718
0.786
0.824
0.782
0.828
0.806
0.854
0.746
0.76
0.776
0.69
0.673
0.736
0.744
0.768
0.745
0.752
0.76
0.757
0.813
0.772
0.732
0.818
0.787
0.81
0.85
0.785
0.808
0.796
0.808
0.766
0.816
0.775
0.741
0.791
0.783
0.739
0.763
0.798
0.88
0.853
0.862
0.767
0.786
0.784
0.715
0.775
0.836
0.885
0.883
0.756
0.849
0.762
0.877
0.852
0.82
0.878
0.749
0.763
0.785
0.758
0.815
0.807
0.781
0.746
0.746
0.778
0.721
0.695
0.703
0.704
0.694
0.883
0.872
0.765
0.824
0.776
0.767
0.785
0.849
0.822
0.745
0.779
0.739
0.805
0.725
0.761
0.583
0.799
0.725
0.56
0.822
0.706
0.689
0.752
0.756
0.735
0.851
0.893
0.837
0.739
0.868
0.795
0.786
0.837
0.909
0.686
0.683
0.818
0.788
0.84
0.765
0.827
0.862
0.886
0.847
0.732
0.819
0.741
0.83
0.769
0.756
0.79
0.783
0.838
0.839
0.789
0.758
0.766
0.865
0.859
0.875
0.825
0.853
0.751
0.687
0.726
0.778
0.77
0.772
0.654
0.688
0.78
0.667
0.779
0.805
0.712
0.776
0.773
0.821
0.848
0.85
0.828
0.818
0.832
0.822
0.836
0.847
0.838
0.829
0.792
0.76
0.766
0.851
0.847
0.806
0.814
0.854
0.831
0.847
0.846
0.761
0.874
0.856
0.877
0.84
0.78
0.868
0.852
0.845
0.836
0.807
0.873
0.864
0.79
0.784
0.775
0.689
0.741
0.732
0.751
0.744
0.726
0.803
0.812
0.836
0.794
0.734
0.723
0.752
0.809
0.738
0.742
0.755
0.764
0.77
0.73
0.789
0.774
0.756
0.809
0.779
0.827
0.759
0.787
0.848
0.779
0.739
0.872
0.749
0.8
0.774
0.804
0.8
0.766
0.772
0.752
0.848
0.804
0.836
0.746
0.806
0.745
0.796
0.872
0.794
0.806
0.819
0.773
0.857
0.764
0.807
0.837
0.813
0.786
0.787
0.696
0.891
0.775
0.704
0.691
0.772
0.734
0.779
0.811
0.815
0.717
0.693
0.652
0.707
0.678
0.707
0.747
0.681
0.675
0.712
0.803
0.704
0.729
0.695
0.739
0.73
0.697
0.725
0.698
0.829
0.778
0.745
0.606
0.621
0.771
0.804
0.815
0.796
0.79
0.794
0.825
0.761
0.844
0.801
0.713
0.712
0.8
0.741
0.77
0.771
0.748
0.887
0.791
0.753
0.892
0.873
0.799
0.766
0.792
0.809
0.747
0.737
0.757
0.682
0.559
0.752
0.744
0.647
0.663
0.711
0.731
0.802
0.764
0.665
0.767
0.76
0.763
0.767
0.728
0.775
0.742
0.776
0.741
0.743
0.756
0.754
0.677
0.719
0.766
0.753
0.709
0.779
0.751
0.787
0.803
0.733
0.672
0.767
0.722
0.754
0.72
0.667
0.7
0.723
0.639
0.719
0.731
0.73
0.703
0.796
0.788
0.738
0.732
0.774
0.786
0.716
0.683
0.722
0.8
0.737
0.808
0.864
0.791
0.787
0.821
0.765
0.839
0.816
0.747
0.745
0.758
0.709
0.785
0.781
0.78
0.722
0.743
0.734
0.786
0.75
0.786
0.773
0.747
0.726
0.863
0.7
0.788
0.809
0.779
0.788
0.799
0.847
0.741
0.823
0.805
0.768
0.897
0.809
0.815
0.764
0.813
0.782
0.765
0.907
0.763
0.705
0.769
0.71
0.772
0.776
0.766
0.772
0.767
0.769
0.684
0.869
0.795
0.751
0.772
0.776
0.723
0.7
0.668
0.717
0.775
0.768
0.823
0.78
0.786
0.803
0.797
0.803
0.772
0.74
0.783
0.711
0.738
0.777
0.874
0.732
0.801
0.792
0.803
0.814
0.744
0.728
0.766
0.722
0.653
0.659
0.649
0.686
0.733
0.718
0.714
0.667
0.683
0.587
0.636
0.723
0.67
0.682
0.715
0.713
0.767
0.797
0.699
0.704
0.706
0.762
0.783
0.797
0.821
0.811
0.76
0.833
0.751
0.75
0.706
0.804
0.695
0.764
0.711
0.744
0.746
0.81
0.81
0.656
0.71
0.78
0.698
0.746
0.793
0.75
0.727
0.824
0.782
0.84
0.801
0.895
0.644
0.759
0.781
0.772
0.819
0.806
0.805
0.777
0.821
0.751
0.776
0.771
0.763
0.795
0.761
0.868
0.857
0.74
0.8
0.757
0.854
0.738
0.777
0.764
0.673
0.788
0.706
0.696
0.733
0.712
0.723
0.655
0.762
0.81
0.77
0.83
0.787
0.791
0.755
0.754
0.758
0.787
0.789
0.795
0.738
0.713
0.723
0.7
0.758
0.786
0.813
0.818
0.803
0.698
0.76
0.816
0.779
0.796
0.765
0.826
0.808
0.729
0.786
0.715
0.874
0.819
0.813
0.844
0.795
0.794
0.778
0.767
0.765
0.786
0.75
0.814
0.716
0.75
0.786
0.763
0.741
0.853
0.872
0.762
0.681
0.893
