0.807
0.861
0.796
0.782
0.875
0.861
0.832
0.817
0.75
0.834
0.787
0.789
0.815
0.847
0.835
0.854
0.871
0.852
0.772
0.821
0.862
0.822
0.751
0.82
0.816
0.822
0.805
0.842
0.795
0.771
0.807
0.796
0.84
0.749
0.851
0.832
0.808
0.788
0.802
0.8
0.79
0.835
0.825
0.801
0.808
0.863
0.834
0.824
0.829
0.811
0.801
0.829
0.778
0.835
0.855
0.878
0.798
0.794
0.808
0.813
0.796
0.767
0.782
0.79
0.792
0.785
0.769
0.791
0.822
0.769
0.833
0.835
0.862
0.783
0.762
0.862
0.873
0.883
0.81
0.84
0.816
0.793
0.83
0.804
0.8
0.797
0.789
0.833
0.781
0.793
0.855
0.785
0.822
0.802
0.783
0.899
0.788
0.866
0.796
0.852
0.827
0.79
0.77
0.765
0.805
0.815
0.83
0.812
0.81
0.787
0.728
0.745
0.765
0.794
0.82
0.808
0.849
0.774
0.784
0.814
0.827
0.854
0.842
0.829
0.795
0.756
0.818
0.782
0.873
0.877
0.797
0.824
0.801
0.829
0.819
0.785
0.8
0.786
0.732
0.747
0.781
0.83
0.865
0.803
0.789
0.81
0.845
0.821
0.879
0.831
0.816
0.824
0.813
0.874
0.82
0.886
0.838
0.837
0.79
0.75
0.812
0.838
0.776
0.779
0.782
0.816
0.77
0.829
0.83
0.827
0.842
0.8
0.711
0.814
0.711
0.8
0.842
0.848
0.797
0.884
0.782
0.824
0.751
0.786
0.787
0.71
0.723
0.734
0.806
0.83
0.762
0.92
0.822
0.808
0.786
0.864
0.779
0.814
0.807
0.774
0.788
0.911
0.787
0.839
0.778
0.745
0.761
0.691
0.796
0.829
0.825
0.793
0.816
0.784
0.856
0.747
0.72
0.748
0.786
0.813
0.757
0.827
0.826
0.823
0.815
0.851
0.806
0.789
0.849
0.819
0.817
0.853
0.77
0.759
0.815
0.789
0.822
0.831
0.797
0.802
0.78
0.846
0.787
0.824
0.837
0.781
0.778
0.798
0.786
0.816
0.791
0.871
0.825
0.847
0.85
0.774
0.863
0.818
0.856
0.798
0.792
0.821
0.819
0.777
0.792
0.815
0.785
0.831
0.941
0.803
0.822
0.793
0.832
0.783
0.839
0.811
0.777
0.805
0.799
0.819
0.829
0.829
0.888
0.866
0.858
0.862
0.883
0.865
0.869
0.864
0.85
0.848
0.87
0.858
0.827
0.818
0.854
0.751
0.745
0.782
0.832
0.779
0.744
0.775
0.824
0.807
0.833
0.751
0.808
0.78
0.826
0.838
0.818
0.841
0.872
0.839
0.788
0.798
0.755
0.764
0.738
0.758
0.801
0.864
0.864
0.822
0.834
0.797
0.801
0.784
0.834
0.849
0.805
0.808
0.81
0.77
0.873
0.767
0.873
0.886
0.833
0.766
0.812
0.798
0.74
0.831
0.914
0.811
0.791
0.845
0.812
0.869
0.809
0.818
0.833
0.792
0.81
0.831
0.808
0.795
0.8
0.782
0.899
0.838
0.869
0.817
0.848
0.816
0.835
0.827
0.815
0.886
0.837
0.73
0.753
0.728
0.732
0.755
0.779
0.777
0.772
0.825
0.761
0.738
0.792
0.779
0.775
0.777
0.75
0.711
0.751
0.821
0.785
0.815
0.777
0.836
0.821
0.823
0.853
0.756
0.816
0.811
0.75
0.772
0.795
0.768
0.813
0.835
0.803
0.802
0.806
0.811
0.807
0.774
0.79
0.791
0.761
0.778
0.788
0.74
0.797
0.848
0.82
0.851
0.852
0.827
0.783
0.836
0.797
0.803
0.794
0.658
0.822
0.713
0.831
0.769
0.822
0.809
0.763
0.787
0.803
0.838
0.807
0.789
0.758
0.785
0.849
0.79
0.819
0.778
0.822
0.809
0.846
0.85
0.797
0.782
0.871
0.862
0.776
0.845
0.795
0.859
0.774
0.776
0.828
0.794
0.824
0.82
0.853
0.755
0.74
0.74
0.743
0.88
0.821
0.826
0.824
0.829
0.826
0.793
0.778
0.803
0.835
0.786
0.725
0.788
0.872
0.769
0.808
0.785
0.749
0.786
0.771
0.786
0.79
0.729
0.819
0.765
0.812
0.751
0.737
0.747
0.79
0.768
0.853
0.815
0.764
0.715
0.756
0.814
0.814
0.719
0.697
0.842
0.868
0.874
0.784
0.889
0.88
0.825
0.855
0.871
0.819
0.721
0.825
0.822
0.873
0.826
0.806
0.867
0.821
0.832
0.841
0.858
0.809
0.834
0.829
0.9
0.833
0.827
0.796
0.885
0.828
0.805
0.812
0.824
0.778
0.779
0.789
0.783
0.899
0.905
0.826
0.851
0.831
0.835
0.724
0.815
0.77
0.852
0.877
0.81
0.83
0.82
0.802
0.795
0.849
0.82
0.877
0.802
0.818
0.865
0.731
0.881
0.836
0.811
0.771
0.785
0.767
0.786
0.772
0.778
0.758
0.769
0.863
0.789
0.758
0.868
0.893
0.798
0.803
0.81
0.85
0.802
0.817
0.835
0.768
0.795
0.776
0.728
0.765
0.751
0.759
0.805
0.761
0.761
0.769
0.842
0.838
0.825
0.772
0.876
0.71
0.877
0.79
0.833
0.795
0.806
0.817
0.795
0.826
0.795
0.786
0.81
0.796
0.802
0.768
0.78
0.79
0.827
0.796
0.802
0.806
0.781
0.789
0.828
0.795
0.818
0.786
0.793
0.784
0.854
0.768
0.794
0.788
0.831
0.774
0.79
0.799
0.847
0.827
0.826
0.832
0.792
0.791
0.833
0.867
0.803
0.799
0.789
0.872
0.84
0.874
0.814
0.805
0.774
0.725
0.737
0.729
0.791
0.736
0.785
0.745
0.789
0.71
0.819
0.807
0.875
0.832
0.822
0.864
0.793
0.827
0.793
0.793
0.786
0.783
0.834
0.793
0.812
0.805
0.882
0.84
0.808
0.785
0.727
0.742
0.739
0.759
0.774
0.796
0.746
0.789
0.746
0.773
0.715
0.781
0.793
0.887
0.911
0.793
0.839
0.831
0.798
0.772
0.816
0.854
0.85
0.822
0.787
0.827
0.872
0.857
0.808
0.867
0.844
0.789
0.869
0.878
0.834
0.828
0.767
0.848
0.806
0.875
0.806
0.755
0.809
0.909
0.801
0.796
0.807
0.819
0.78
0.746
0.844
0.804
0.831
0.809
0.787
0.799
0.82
0.783
0.788
0.796
0.793
0.775
0.815
0.796
0.765
0.81
0.782
0.774
0.8
0.794
0.811
0.852
0.819
0.833
0.786
0.831
0.847
0.848
0.839
0.814
0.805
0.802
0.788
0.803
0.781
0.829
0.805
0.838
0.849
0.794
0.783
0.815
0.747
0.782
0.774
0.871
0.827
0.749
0.808
0.802
0.815
0.823
0.836
0.809
0.796
0.846
0.783
0.825
0.787
0.796
0.866
0.79
0.863
0.788
0.8
0.799
0.776
0.891
0.85
0.747
0.811
0.786
0.758
0.78
0.784
0.779
0.873
0.826
0.841
0.854
0.815
0.825
0.798
0.821
0.833
0.802
0.75
0.813
0.799
0.803
0.777
0.822
0.78
0.858
0.851
0.812
0.83
0.853
0.843
0.825
0.855
0.809
0.798
0.843
0.817
0.864
0.87
0.908
0.881
0.903
0.812
0.787
0.813
0.817
0.834
0.847
0.781
0.738
0.766
0.769
0.837
0.815
0.758
0.799
0.77
0.797
0.766
0.802
0.803
0.893
0.794
0.815
0.74
0.837
0.847
0.802
0.803
0.83
0.854
0.831
0.817
0.834
0.846
0.835
0.839
0.801
0.842
0.782
0.806
0.751
0.762
0.775
0.771
0.764
0.832
0.822
0.814
0.856
0.826
0.799
0.843
0.842
0.802
0.827
0.837
0.777
0.846
0.809
0.871
0.815
0.845
0.878
0.771
0.801
0.794
0.781
0.806
0.783
0.798
0.812
0.814
0.828
0.809
0.848
0.775
0.777
0.733
0.81
0.816
0.814
0.821
0.818
0.824
0.781
0.831
0.767
0.797
0.844
0.824
0.835
0.866
0.825
0.869
0.84
0.885
0.8
0.897
0.871
0.803
0.769
0.769
0.837
0.805
0.809
0.79
0.808
0.86
0.825
0.811
0.841
0.803
0.776
0.815
0.78
0.816
0.727
0.782
0.79
0.827
0.844
0.815
0.812
0.828
0.91
0.796
0.749
0.784
0.804
0.816
0.853
0.826
0.809
0.831
0.803
0.845
0.779
0.779
0.788
0.828
0.796
0.814
0.752
0.796
0.776
0.768
0.811
0.825
0.841
0.849
0.84
0.806
0.862
0.841
0.832
0.809
0.852
0.792
0.796
0.781
0.767
0.802
0.805
0.807
0.778
0.785
0.801
0.729
0.794
0.723
0.753
0.703
0.828
0.793
0.822
0.802
0.843
0.748
0.755
0.819
0.797
0.853
0.786
0.782
0.856
0.775
0.822
0.874
0.861
0.824
0.851
0.886
0.81
0.817
0.822
0.837
0.784
0.827
0.795
0.852
0.796
0.779
0.799
0.866
0.761
0.803
0.775
0.818
0.792
0.777
0.816
0.82
0.783
0.753
0.843
0.853
0.815
0.787
0.794
0.787
0.784
0.806
0.802
0.808
0.8
0.841
0.799
0.872
0.759
0.802
0.783
0.775
0.788
0.827
0.8
0.798
0.913
0.808
0.793
0.813
0.822
0.827
0.805
0.838
0.834
0.817
0.75
0.752
0.857
0.763
0.757
0.794
0.842
0.763
0.758
0.84
0.834
0.785
0.795
0.866
0.808
0.761
0.784
0.801
0.783
0.793
0.779
0.739
0.793
0.873
0.831
0.871
0.795
0.812
0.816
0.804
0.8
0.874
0.794
0.776
0.786
0.815
0.797
0.792
0.838
0.823
0.798
0.777
0.812
0.834
0.837
0.765
0.842
0.767
0.84
0.85
0.825
0.779
0.758
0.812
0.75
0.764
0.785
0.789
0.766
0.76
0.856
0.769
0.814
0.812
0.803
0.831
0.754
0.794
0.813
0.731
0.781
0.756
0.775
0.785
0.804
0.815
0.743
0.855
0.821
0.819
0.833
0.825
0.875
0.733
0.775
0.783
0.8
0.8
0.781
0.792
0.82
0.804
0.799
0.817
0.785
0.835
0.813
0.778
0.866
0.822
0.826
0.866
0.8
0.745
0.871
0.776
0.744
0.78
0.732
0.749
0.781
0.761
0.777
0.741
0.76
0.78
0.828
0.816
0.78
0.765
0.847
0.73
0.771
0.795
0.833
0.832
0.86
0.757
0.853
0.815
0.847
0.831
0.832
0.887
0.803
0.807
0.819
0.812
0.821
0.811
0.775
0.84
0.8
0.901
0.773
0.837
0.867
0.808
0.859
0.819
0.785
0.804
0.868
0.845
0.821
0.803
0.782
0.797
0.791
0.843
0.753
0.763
0.772
0.771
0.788
0.775
0.757
0.726
0.805
0.788
0.757
0.756
0.749
0.746
0.832
0.815
0.817
0.824
0.784
0.761
0.757
0.764
0.75
0.789
0.827
0.73
0.852
0.81
0.763
0.874
0.892
0.822
0.809
0.757
0.84
0.889
0.827
0.808
0.844
0.881
0.846
0.834
0.862
0.739
0.743
0.863
0.757
0.784
0.836
0.892
0.909
0.878
0.761
0.795
0.764
0.803
0.817
0.781
0.844
0.788
0.832
0.892
0.849
0.776
0.79
0.891
0.868
0.864
0.892
0.923
0.816
0.802
0.831
0.853
0.891
0.862
0.871
0.879
0.877
0.844
0.891
0.882
0.868
0.854
0.827
0.841
0.908
0.882
0.843
0.879
0.89
0.882
0.884
0.869
0.821
0.905
0.874
0.87
0.852
0.797
0.881
0.875
0.892
0.864
0.807
0.888
0.909
0.838
0.829
0.817
0.786
0.751
0.803
0.81
0.804
0.806
0.831
0.841
0.764
0.801
0.76
0.795
0.784
0.822
0.793
0.749
0.775
0.767
0.785
0.75
0.82
0.802
0.791
0.83
0.803
0.825
0.821
0.831
0.855
0.787
0.8
0.867
0.814
0.807
0.804
0.879
0.853
0.855
0.85
0.796
0.847
0.779
0.853
0.783
0.806
0.799
0.807
0.866
0.832
0.805
0.82
0.783
0.856
0.809
0.837
0.844
0.873
0.844
0.847
0.791
0.755
0.782
0.749
0.712
0.775
0.741
0.761
0.8
0.774
0.677
0.828
0.798
0.71
0.769
0.792
0.787
0.783
0.743
0.8
0.771
0.806
0.711
0.777
0.8
0.83
0.793
0.76
0.801
0.842
0.842
0.824
0.879
0.798
0.762
0.734
0.78
0.784
0.795
0.823
0.866
0.81
0.831
0.797
0.833
0.776
0.782
0.797
0.89
0.84
0.855
0.846
0.829
0.804
0.844
0.771
0.795
0.772
0.803
0.775
0.832
0.829
0.911
0.821
0.785
0.883
0.84
0.808
0.807
0.821
0.814
0.813
0.769
0.809
0.794
0.832
0.888
0.761
0.784
0.831
0.791
0.863
0.822
0.841
0.784
0.816
0.83
0.812
0.791
0.774
0.84
0.835
0.775
0.81
0.788
0.764
0.752
0.842
0.734
0.8
0.824
0.779
0.809
0.789
0.849
0.774
0.796
0.808
0.81
0.865
0.843
0.813
0.807
0.826
0.824
0.826
0.745
0.905
0.781
0.824
0.766
0.788
0.823
0.821
0.803
0.814
0.839
0.832
0.784
0.873
0.811
0.819
0.797
0.819
0.811
0.851
0.761
0.76
0.804
0.82
0.825
0.816
0.793
0.823
0.905
0.802
0.831
0.781
0.823
0.828
0.75
0.765
0.744
0.752
0.737
0.771
0.789
0.809
0.798
0.786
0.771
0.776
0.707
0.684
0.733
0.796
0.741
0.785
0.809
0.804
0.797
0.851
0.792
0.797
0.761
0.838
0.805
0.784
0.838
0.806
0.803
0.866
0.786
0.724
0.745
0.832
0.741
0.748
0.787
0.777
0.823
0.799
0.794
0.858
0.779
0.801
0.831
0.841
0.797
0.822
0.815
0.872
0.792
0.782
0.815
0.859
0.814
0.839
0.838
0.786
0.757
0.803
0.808
0.818
0.795
0.812
0.798
0.777
0.735
0.813
0.831
0.782
0.864
0.81
0.856
0.847
0.789
0.801
0.872
0.803
0.787
0.743
0.868
0.872
0.829
0.813
0.852
0.765
0.807
0.748
0.764
0.771
0.783
0.762
0.736
0.749
0.745
0.806
0.802
0.819
0.829
0.76
0.701
0.828
0.748
0.722
0.785
0.774
0.823
0.826
0.823
0.8
0.82
0.841
0.829
0.84
0.802
0.85
0.786
0.826
0.755
0.907
0.861
0.889
0.871
0.819
0.83
0.746
0.82
0.814
0.772
0.791
0.832
0.699
0.812
0.78
0.798
0.818
0.849
0.858
0.795
0.743
0.909
