0.804
0.857
0.805
0.794
0.857
0.84
0.821
0.791
0.836
0.798
0.794
0.822
0.829
0.831
0.86
0.863
0.831
0.846
0.831
0.813
0.839
0.849
0.816
0.822
0.879
0.834
0.835
0.834
0.833
0.813
0.804
0.827
0.784
0.834
0.865
0.828
0.807
0.813
0.799
0.814
0.807
0.81
0.811
0.83
0.849
0.799
0.785
0.802
0.799
0.834
0.798
0.84
0.805
0.804
0.843
0.781
0.841
0.861
0.864
0.797
0.859
0.816
0.863
0.81
0.815
0.81
0.793
0.828
0.832
0.783
0.877
0.822
0.819
0.841
0.823
0.819
0.814
0.789
0.854
0.768
0.857
0.81
0.855
0.817
0.787
0.777
0.792
0.816
0.831
0.85
0.806
0.837
0.813
0.742
0.788
0.762
0.805
0.832
0.785
0.769
0.753
0.82
0.837
0.815
0.842
0.854
0.813
0.815
0.83
0.8
0.812
0.8
0.864
0.889
0.821
0.828
0.829
0.82
0.816
0.799
0.78
0.806
0.778
0.778
0.821
0.841
0.855
0.816
0.813
0.834
0.834
0.81
0.788
0.825
0.871
0.836
0.852
0.755
0.769
0.804
0.841
0.806
0.803
0.837
0.798
0.852
0.806
0.836
0.843
0.775
0.823
0.752
0.793
0.805
0.813
0.853
0.814
0.811
0.912
0.816
0.8
0.871
0.807
0.84
0.804
0.815
0.817
0.894
0.811
0.829
0.753
0.746
0.798
0.851
0.804
0.809
0.779
0.769
0.816
0.845
0.757
0.803
0.848
0.84
0.829
0.8
0.852
0.811
0.791
0.843
0.827
0.824
0.855
0.786
0.802
0.829
0.834
0.831
0.856
0.795
0.794
0.789
0.837
0.859
0.807
0.838
0.799
0.857
0.809
0.806
0.825
0.808
0.864
0.836
0.869
0.85
0.794
0.839
0.804
0.842
0.808
0.777
0.825
0.781
0.796
0.819
0.809
0.834
0.892
0.834
0.827
0.82
0.811
0.801
0.842
0.777
0.78
0.816
0.802
0.793
0.826
0.835
0.868
0.84
0.86
0.83
0.86
0.837
0.845
0.841
0.839
0.852
0.847
0.854
0.843
0.821
0.827
0.793
0.778
0.74
0.851
0.796
0.785
0.782
0.825
0.804
0.833
0.821
0.788
0.782
0.786
0.803
0.794
0.807
0.825
0.836
0.818
0.836
0.873
0.823
0.798
0.787
0.807
0.787
0.748
0.806
0.814
0.856
0.853
0.858
0.837
0.806
0.814
0.797
0.828
0.833
0.794
0.828
0.819
0.809
0.845
0.776
0.796
0.793
0.78
0.836
0.79
0.838
0.872
0.822
0.813
0.778
0.798
0.757
0.84
0.892
0.817
0.757
0.835
0.799
0.858
0.815
0.793
0.801
0.835
0.817
0.848
0.81
0.813
0.802
0.805
0.874
0.822
0.842
0.84
0.829
0.823
0.83
0.81
0.875
0.842
0.752
0.78
0.748
0.75
0.793
0.803
0.771
0.835
0.784
0.802
0.752
0.8
0.791
0.773
0.838
0.83
0.78
0.826
0.791
0.84
0.8
0.826
0.831
0.794
0.816
0.816
0.794
0.769
0.787
0.832
0.825
0.816
0.808
0.797
0.776
0.835
0.79
0.799
0.828
0.787
0.809
0.808
0.789
0.819
0.808
0.852
0.831
0.818
0.835
0.78
0.828
0.835
0.818
0.802
0.874
0.885
0.825
0.814
0.823
0.804
0.785
0.793
0.802
0.82
0.782
0.779
0.757
0.811
0.803
0.815
0.823
0.837
0.814
0.818
0.841
0.869
0.837
0.867
0.84
0.787
0.851
0.829
0.81
0.859
0.799
0.845
0.788
0.807
0.813
0.81
0.811
0.821
0.85
0.802
0.839
0.84
0.78
0.821
0.823
0.802
0.811
0.843
0.813
0.812
0.807
0.839
0.797
0.822
0.783
0.779
0.806
0.771
0.717
0.753
0.796
0.734
0.781
0.851
0.781
0.787
0.807
0.803
0.79
0.877
0.796
0.831
0.829
0.811
0.807
0.748
0.767
0.753
0.774
0.792
0.791
0.815
0.801
0.792
0.801
0.83
0.757
0.792
0.771
0.764
0.771
0.815
0.766
0.709
0.796
0.8
0.813
0.795
0.811
0.812
0.755
0.786
0.806
0.738
0.833
0.827
0.807
0.803
0.733
0.79
0.792
0.777
0.782
0.822
0.8
0.868
0.78
0.812
0.731
0.749
0.741
0.832
0.88
0.826
0.877
0.854
0.874
0.827
0.824
0.857
0.827
0.774
0.824
0.831
0.77
0.85
0.805
0.803
0.784
0.804
0.828
0.83
0.835
0.811
0.767
0.806
0.824
0.888
0.834
0.822
0.804
0.863
0.8
0.789
0.785
0.784
0.789
0.795
0.769
0.796
0.881
0.898
0.788
0.826
0.846
0.783
0.774
0.807
0.797
0.734
0.74
0.827
0.771
0.762
0.803
0.845
0.834
0.824
0.844
0.829
0.729
0.849
0.846
0.812
0.821
0.787
0.809
0.813
0.827
0.785
0.838
0.769
0.809
0.841
0.771
0.862
0.8
0.806
0.804
0.801
0.798
0.761
0.803
0.777
0.788
0.796
0.766
0.787
0.848
0.794
0.778
0.788
0.867
0.877
0.8
0.814
0.822
0.844
0.814
0.76
0.765
0.792
0.79
0.768
0.78
0.797
0.779
0.809
0.792
0.752
0.819
0.836
0.857
0.755
0.839
0.843
0.855
0.758
0.816
0.811
0.812
0.803
0.805
0.775
0.79
0.824
0.822
0.817
0.829
0.787
0.802
0.769
0.789
0.824
0.783
0.798
0.792
0.79
0.827
0.8
0.816
0.78
0.809
0.781
0.859
0.755
0.818
0.801
0.829
0.806
0.834
0.773
0.841
0.835
0.818
0.837
0.811
0.817
0.801
0.855
0.792
0.835
0.816
0.874
0.834
0.868
0.825
0.806
0.819
0.785
0.781
0.784
0.828
0.755
0.773
0.782
0.761
0.726
0.863
0.788
0.819
0.793
0.82
0.818
0.801
0.826
0.831
0.867
0.833
0.779
0.784
0.881
0.901
0.854
0.791
0.806
0.785
0.796
0.862
0.851
0.829
0.835
0.802
0.801
0.856
0.833
0.808
0.867
0.861
0.747
0.842
0.8
0.821
0.788
0.86
0.826
0.864
0.849
0.791
0.802
0.874
0.806
0.784
0.828
0.766
0.807
0.781
0.828
0.787
0.816
0.82
0.796
0.794
0.819
0.808
0.796
0.808
0.812
0.821
0.828
0.76
0.79
0.821
0.823
0.803
0.792
0.823
0.844
0.85
0.815
0.829
0.809
0.797
0.831
0.857
0.829
0.82
0.789
0.823
0.805
0.807
0.808
0.813
0.811
0.84
0.782
0.813
0.838
0.777
0.798
0.806
0.805
0.799
0.813
0.846
0.79
0.738
0.817
0.798
0.841
0.838
0.829
0.805
0.809
0.849
0.82
0.784
0.81
0.785
0.816
0.822
0.848
0.837
0.8
0.822
0.804
0.863
0.836
0.795
0.806
0.79
0.767
0.78
0.789
0.799
0.86
0.777
0.809
0.838
0.807
0.83
0.791
0.789
0.825
0.821
0.768
0.805
0.792
0.788
0.795
0.801
0.777
0.848
0.821
0.807
0.825
0.825
0.731
0.813
0.822
0.814
0.795
0.821
0.817
0.777
0.83
0.787
0.822
0.866
0.889
0.861
0.914
0.802
0.819
0.806
0.828
0.798
0.808
0.833
0.817
0.771
0.781
0.875
0.815
0.82
0.832
0.84
0.831
0.812
0.812
0.798
0.798
0.806
0.807
0.801
0.816
0.828
0.796
0.809
0.808
0.802
0.779
0.801
0.819
0.79
0.789
0.762
0.804
0.833
0.804
0.85
0.792
0.792
0.828
0.842
0.799
0.818
0.815
0.846
0.792
0.853
0.797
0.832
0.857
0.782
0.799
0.81
0.803
0.824
0.807
0.8
0.774
0.809
0.81
0.803
0.803
0.68
0.825
0.807
0.792
0.844
0.829
0.803
0.79
0.818
0.786
0.826
0.826
0.844
0.835
0.829
0.85
0.812
0.877
0.786
0.863
0.847
0.839
0.786
0.786
0.817
0.814
0.815
0.817
0.787
0.825
0.8
0.797
0.832
0.804
0.814
0.775
0.794
0.804
0.842
0.811
0.817
0.812
0.882
0.809
0.764
0.767
0.796
0.823
0.81
0.826
0.799
0.793
0.783
0.789
0.846
0.777
0.823
0.847
0.825
0.829
0.79
0.814
0.776
0.807
0.808
0.794
0.834
0.83
0.811
0.768
0.834
0.834
0.829
0.798
0.853
0.777
0.805
0.79
0.79
0.787
0.802
0.815
0.808
0.809
0.791
0.841
0.798
0.825
0.805
0.823
0.803
0.766
0.812
0.794
0.8
0.775
0.796
0.745
0.801
0.863
0.815
0.808
0.721
0.82
0.751
0.832
0.804
0.782
0.737
0.797
0.815
0.769
0.845
0.777
0.846
0.781
0.763
0.877
0.779
0.817
0.866
0.852
0.811
0.865
0.864
0.798
0.801
0.816
0.829
0.799
0.84
0.798
0.818
0.829
0.797
0.786
0.843
0.803
0.839
0.842
0.802
0.802
0.849
0.825
0.826
0.823
0.8
0.796
0.793
0.778
0.845
0.821
0.828
0.794
0.84
0.754
0.88
0.768
0.817
0.806
0.777
0.802
0.822
0.804
0.822
0.911
0.817
0.817
0.815
0.813
0.834
0.808
0.831
0.837
0.809
0.825
0.851
0.86
0.801
0.809
0.822
0.825
0.839
0.778
0.753
0.836
0.799
0.844
0.799
0.859
0.825
0.816
0.813
0.857
0.806
0.795
0.807
0.815
0.826
0.811
0.803
0.846
0.804
0.802
0.822
0.835
0.815
0.808
0.865
0.826
0.838
0.827
0.79
0.813
0.818
0.794
0.791
0.829
0.805
0.805
0.804
0.771
0.752
0.826
0.826
0.831
0.831
0.835
0.811
0.8
0.822
0.79
0.831
0.805
0.774
0.786
0.774
0.824
0.776
0.841
0.838
0.84
0.835
0.828
0.832
0.834
0.763
0.765
0.754
0.806
0.771
0.8
0.808
0.787
0.786
0.824
0.79
0.819
0.817
0.792
0.866
0.814
0.814
0.85
0.837
0.826
0.854
0.841
0.89
0.795
0.832
0.826
0.838
0.843
0.822
0.905
0.816
0.821
0.821
0.808
0.835
0.805
0.773
0.802
0.794
0.8
0.797
0.897
0.853
0.805
0.847
0.776
0.802
0.797
0.842
0.838
0.812
0.818
0.784
0.798
0.81
0.844
0.758
0.79
0.744
0.754
0.711
0.764
0.741
0.8
0.779
0.787
0.804
0.832
0.781
0.795
0.789
0.782
0.765
0.806
0.762
0.82
0.78
0.724
0.789
0.769
0.796
0.803
0.731
0.735
0.756
0.767
0.758
0.753
0.791
0.843
0.823
0.745
0.848
0.875
0.829
0.844
0.878
0.808
0.839
0.854
0.821
0.822
0.751
0.819
0.841
0.877
0.886
0.859
0.783
0.789
0.792
0.819
0.82
0.787
0.788
0.836
0.878
0.834
0.787
0.81
0.876
0.85
0.842
0.854
0.896
0.802
0.809
0.814
0.867
0.897
0.868
0.865
0.872
0.849
0.845
0.876
0.881
0.865
0.838
0.822
0.848
0.886
0.855
0.833
0.871
0.878
0.858
0.867
0.862
0.804
0.893
0.862
0.877
0.828
0.816
0.873
0.866
0.886
0.873
0.83
0.877
0.898
0.835
0.845
0.824
0.805
0.767
0.8
0.823
0.795
0.801
0.779
0.769
0.85
0.815
0.81
0.852
0.778
0.81
0.818
0.824
0.805
0.793
0.789
0.789
0.836
0.792
0.824
0.801
0.78
0.83
0.796
0.829
0.806
0.836
0.852
0.79
0.804
0.841
0.817
0.802
0.805
0.899
0.865
0.851
0.824
0.791
0.83
0.776
0.841
0.82
0.817
0.815
0.835
0.848
0.826
0.819
0.836
0.787
0.779
0.851
0.798
0.826
0.824
0.832
0.831
0.817
0.774
0.804
0.839
0.796
0.794
0.795
0.807
0.799
0.791
0.782
0.809
0.839
0.814
0.803
0.839
0.82
0.808
0.813
0.817
0.822
0.871
0.801
0.752
0.771
0.808
0.818
0.848
0.82
0.822
0.821
0.818
0.802
0.846
0.806
0.874
0.831
0.852
0.858
0.851
0.793
0.835
0.78
0.824
0.821
0.907
0.808
0.817
0.884
0.85
0.845
0.807
0.808
0.829
0.79
0.772
0.809
0.799
0.825
0.887
0.77
0.802
0.834
0.78
0.83
0.82
0.812
0.793
0.835
0.801
0.834
0.777
0.796
0.82
0.845
0.769
0.804
0.811
0.788
0.742
0.86
0.743
0.803
0.84
0.806
0.847
0.797
0.851
0.796
0.833
0.813
0.793
0.878
0.836
0.82
0.812
0.801
0.824
0.824
0.791
0.773
0.889
0.787
0.747
0.806
0.802
0.831
0.819
0.788
0.826
0.846
0.831
0.857
0.788
0.853
0.827
0.818
0.807
0.81
0.802
0.818
0.806
0.847
0.789
0.804
0.836
0.827
0.83
0.779
0.797
0.827
0.899
0.791
0.863
0.826
0.831
0.835
0.83
0.816
0.733
0.769
0.737
0.763
0.745
0.779
0.834
0.799
0.819
0.826
0.791
0.815
0.862
0.8
0.767
0.716
0.84
0.801
0.762
0.788
0.79
0.823
0.815
0.817
0.838
0.816
0.854
0.825
0.829
0.805
0.825
0.893
0.818
0.819
0.835
0.764
0.803
0.807
0.819
0.831
0.807
0.831
0.76
0.86
0.815
0.828
0.827
0.8
0.792
0.871
0.784
0.809
0.769
0.835
0.859
0.833
0.824
0.851
0.799
0.774
0.832
0.757
0.795
0.772
0.788
0.761
0.815
0.729
0.754
0.825
0.798
0.809
0.767
0.82
0.769
0.814
0.842
0.775
0.771
0.809
0.761
0.737
0.779
0.801
0.805
0.745
0.752
0.795
0.769
0.772
0.809
0.821
0.784
0.814
0.79
0.786
0.818
0.811
0.813
0.824
0.821
0.842
0.831
0.824
0.765
0.822
0.819
0.782
0.814
0.896
0.835
0.868
0.837
0.815
0.822
0.787
0.804
0.78
0.801
0.802
0.866
0.769
0.835
0.812
0.809
0.838
0.836
0.856
0.826
0.742
0.848
