0.761
0.754
0.741
0.732
0.753
0.768
0.702
0.712
0.759
0.767
0.753
0.784
0.737
0.71
0.734
0.746
0.77
0.743
0.786
0.74
0.68
0.739
0.779
0.819
0.747
0.709
0.807
0.748
0.774
0.766
0.734
0.794
0.814
0.731
0.749
0.745
0.793
0.79
0.724
0.759
0.793
0.814
0.772
0.753
0.748
0.811
0.817
0.795
0.731
0.825
0.796
0.776
0.749
0.759
0.812
0.783
0.743
0.719
0.761
0.683
0.612
0.599
0.784
0.733
0.728
0.769
0.733
0.714
0.699
0.697
0.725
0.811
0.74
0.798
0.72
0.677
0.687
0.717
0.693
0.712
0.684
0.732
0.633
0.764
0.681
0.775
0.723
0.726
0.75
0.735
0.724
0.761
0.713
0.762
0.723
0.762
0.706
0.724
0.769
0.744
0.784
0.806
0.791
0.776
0.756
0.705
0.732
0.772
0.708
0.761
0.777
0.744
0.8
0.719
0.762
0.727
0.772
0.745
0.732
0.78
0.784
0.769
0.538
0.72
0.776
0.716
0.753
0.728
0.725
0.745
0.703
0.732
0.775
0.703
0.775
0.739
0.781
0.742
0.709
0.705
0.767
0.763
0.737
0.685
0.712
0.817
0.763
0.72
0.725
0.736
0.777
0.752
0.728
0.813
0.729
0.735
0.714
0.663
0.795
0.784
0.739
0.678
0.731
0.704
0.694
0.716
0.709
0.74
0.694
0.743
0.708
0.706
0.767
0.693
0.698
0.743
0.75
0.706
0.747
0.739
0.754
0.771
0.702
0.75
0.698
0.751
0.755
0.73
0.769
0.761
0.745
0.706
0.724
0.726
0.732
0.729
0.792
0.703
0.76
0.735
0.727
0.759
0.782
0.723
0.683
0.739
0.647
0.735
0.714
0.785
0.692
0.731
0.718
0.714
0.761
0.757
0.75
0.749
0.743
0.711
0.714
0.744
0.745
0.745
0.7
0.725
0.742
0.677
0.722
0.767
0.704
0.77
0.805
0.709
0.793
0.77
0.743
0.69
0.759
0.743
0.734
0.766
0.709
0.701
0.746
0.72
0.773
0.762
0.741
0.761
0.808
0.782
0.785
0.773
0.749
0.724
0.797
0.746
0.8
0.734
0.838
0.682
0.757
0.788
0.749
0.764
0.749
0.787
0.762
0.71
0.762
0.713
0.761
0.773
0.774
0.694
0.789
0.714
0.712
0.64
0.756
0.828
0.702
0.666
0.78
0.748
0.77
0.802
0.737
0.704
0.713
0.711
0.775
0.756
0.685
0.707
0.753
0.699
0.76
0.734
0.758
0.75
0.769
0.74
0.713
0.711
0.683
0.668
0.697
0.742
0.705
0.731
0.71
0.65
0.78
0.759
0.634
0.698
0.76
0.721
0.73
0.724
0.668
0.695
0.733
0.817
0.73
0.735
0.709
0.733
0.669
0.79
0.83
0.731
0.74
0.749
0.712
0.747
0.735
0.581
0.632
0.619
0.752
0.738
0.565
0.685
0.598
0.595
0.754
0.696
0.747
0.704
0.786
0.742
0.567
0.719
0.731
0.708
0.738
0.682
0.668
0.733
0.699
0.708
0.679
0.753
0.751
0.773
0.712
0.73
0.751
0.767
0.817
0.813
0.682
0.748
0.692
0.73
0.595
0.756
0.729
0.75
0.677
0.733
0.716
0.758
0.698
0.724
0.873
0.784
0.71
0.686
0.582
0.689
0.72
0.746
0.762
0.695
0.586
0.572
0.58
0.726
0.607
0.614
0.678
0.7
0.743
0.733
0.629
0.759
0.808
0.704
0.776
0.792
0.808
0.729
0.796
0.751
0.737
0.751
0.763
0.741
0.695
0.723
0.741
0.704
0.684
0.639
0.727
0.707
0.735
0.737
0.711
0.714
0.789
0.691
0.716
0.718
0.716
0.7
0.665
0.734
0.72
0.723
0.711
0.705
0.738
0.715
0.666
0.735
0.702
0.683
0.666
0.694
0.734
0.747
0.769
0.771
0.691
0.735
0.733
0.595
0.679
0.645
0.683
0.71
0.695
0.663
0.75
0.783
0.715
0.751
0.67
0.707
0.708
0.687
0.743
0.808
0.733
0.752
0.721
0.771
0.744
0.752
0.739
0.719
0.741
0.767
0.768
0.76
0.727
0.718
0.76
0.788
0.776
0.775
0.61
0.594
0.591
0.638
0.715
0.58
0.759
0.581
0.741
0.544
0.687
0.617
0.608
0.713
0.727
0.77
0.738
0.749
0.722
0.721
0.679
0.735
0.785
0.777
0.762
0.805
0.694
0.649
0.731
0.7
0.694
0.804
0.705
0.75
0.719
0.688
0.752
0.734
0.738
0.829
0.824
0.745
0.703
0.757
0.78
0.713
0.731
0.829
0.704
0.766
0.659
0.687
0.768
0.66
0.708
0.744
0.62
0.613
0.695
0.693
0.749
0.732
0.743
0.716
0.77
0.682
0.713
0.76
0.745
0.656
0.711
0.683
0.761
0.749
0.746
0.721
0.727
0.726
0.653
0.708
0.785
0.657
0.747
0.709
0.743
0.714
0.728
0.736
0.714
0.759
0.751
0.674
0.718
0.817
0.784
0.753
0.705
0.741
0.82
0.756
0.747
0.659
0.639
0.607
0.73
0.716
0.743
0.753
0.713
0.745
0.771
0.781
0.759
0.679
0.758
0.776
0.77
0.745
0.655
0.626
0.677
0.669
0.703
0.727
0.707
0.692
0.694
0.765
0.7
0.704
0.639
0.775
0.709
0.626
0.757
0.685
0.778
0.748
0.723
0.751
0.788
0.771
0.729
0.783
0.722
0.709
0.725
0.696
0.717
0.734
0.737
0.8
0.779
0.759
0.731
0.688
0.719
0.758
0.633
0.691
0.703
0.695
0.764
0.667
0.736
0.719
0.724
0.756
0.694
0.739
0.711
0.657
0.797
0.733
0.69
0.728
0.719
0.825
0.79
0.698
0.726
0.668
0.687
0.63
0.705
0.659
0.679
0.75
0.735
0.758
0.733
0.775
0.709
0.763
0.721
0.764
0.684
0.715
0.772
0.72
0.683
0.726
0.718
0.672
0.726
0.693
0.743
0.754
0.675
0.694
0.721
0.715
0.734
0.756
0.685
0.776
0.68
0.742
0.715
0.719
0.773
0.758
0.708
0.769
0.744
0.651
0.707
0.691
0.669
0.675
0.707
0.642
0.75
0.664
0.74
0.713
0.748
0.746
0.7
0.793
0.797
0.741
0.693
0.61
0.778
0.741
0.718
0.712
0.719
0.771
0.705
0.724
0.786
0.741
0.777
0.75
0.756
0.759
0.695
0.777
0.717
0.759
0.72
0.708
0.764
0.764
0.725
0.677
0.625
0.745
0.722
0.683
0.789
0.752
0.77
0.77
0.782
0.748
0.762
0.782
0.791
0.778
0.778
0.748
0.707
0.74
0.757
0.775
0.79
0.738
0.758
0.764
0.712
0.729
0.75
0.672
0.766
0.645
0.697
0.673
0.718
0.685
0.703
0.738
0.641
0.686
0.694
0.717
0.822
0.757
0.766
0.773
0.625
0.736
0.667
0.837
0.776
0.76
0.737
0.679
0.661
0.699
0.787
0.783
0.719
0.757
0.653
0.788
0.76
0.795
0.761
0.743
0.741
0.781
0.614
0.737
0.816
0.728
0.761
0.654
0.63
0.639
0.57
0.666
0.664
0.683
0.712
0.589
0.638
0.687
0.601
0.664
0.671
0.722
0.679
0.649
0.649
0.682
0.71
0.641
0.643
0.652
0.685
0.676
0.647
0.687
0.732
0.721
0.626
0.687
0.664
0.624
0.658
0.661
0.689
0.708
0.688
0.625
0.691
0.666
0.66
0.591
0.722
0.695
0.686
0.572
0.779
0.761
0.569
0.665
0.758
0.713
0.75
0.706
0.745
0.697
0.749
0.711
0.739
0.723
0.705
0.74
0.671
0.738
0.669
0.744
0.642
0.658
0.659
0.642
0.617
0.652
0.668
0.627
0.651
0.733
0.664
0.708
0.787
0.728
0.757
0.678
0.733
0.762
0.757
0.722
0.715
0.756
0.756
0.728
0.756
0.795
0.697
0.81
0.813
0.664
0.735
0.711
0.74
0.738
0.744
0.702
0.732
0.65
0.626
0.611
0.622
0.595
0.734
0.761
0.654
0.694
0.695
0.644
0.752
0.759
0.758
0.706
0.8
0.793
0.732
0.58
0.656
0.746
0.733
0.733
0.791
0.723
0.766
0.729
0.681
0.726
0.737
0.784
0.758
0.755
0.737
0.682
0.635
0.721
0.766
0.745
0.774
0.733
0.747
0.762
0.764
0.794
0.729
0.806
0.753
0.793
0.8
0.704
0.772
0.738
0.758
0.723
0.757
0.779
0.808
0.746
0.703
0.766
0.749
0.785
0.678
0.725
0.726
0.829
0.756
0.756
0.724
0.788
0.722
0.725
0.786
0.741
0.777
0.759
0.771
0.724
0.717
0.761
0.811
0.794
0.822
0.734
0.754
0.698
0.764
0.719
0.631
0.632
0.654
0.802
0.8
0.826
0.714
0.737
0.703
0.668
0.643
0.694
0.648
0.716
0.749
0.695
0.741
0.781
0.713
0.75
0.738
0.749
0.588
0.629
0.726
0.794
0.774
0.774
0.789
0.765
0.703
0.761
0.737
0.647
0.791
0.752
0.767
0.741
0.74
0.772
0.79
0.76
0.742
0.76
0.666
0.704
0.72
0.716
0.762
0.769
0.755
0.731
0.752
0.737
0.731
0.739
0.771
0.79
0.793
0.715
0.807
0.763
0.748
0.8
0.743
0.721
0.763
0.775
0.742
0.723
0.77
0.762
0.741
0.691
0.71
0.688
0.766
0.676
0.754
0.739
0.753
0.795
0.743
0.814
0.681
0.752
0.784
0.695
0.71
0.707
0.639
0.742
0.736
0.762
0.747
0.701
0.733
0.657
0.768
0.704
0.765
0.768
0.837
0.77
0.762
0.724
0.722
0.698
0.709
0.744
0.689
0.737
0.703
0.74
0.681
0.704
0.713
0.734
0.732
0.737
0.737
0.738
0.741
0.684
0.755
0.719
0.702
0.738
0.66
0.739
0.72
0.645
0.804
0.692
0.73
0.736
0.799
0.754
0.661
0.673
0.751
0.706
0.775
0.703
0.7
0.692
0.687
0.672
0.603
0.651
0.728
0.7
0.7
0.661
0.654
0.772
0.777
0.772
0.724
0.693
0.697
0.788
0.76
0.738
0.771
0.734
0.713
0.717
0.718
0.764
0.801
0.838
0.76
0.683
0.707
0.6
0.711
0.718
0.734
0.757
0.769
0.765
0.729
0.719
0.731
0.777
0.752
0.713
0.744
0.763
0.763
0.705
0.694
0.77
0.753
0.775
0.739
0.642
0.846
0.724
0.717
0.669
0.738
0.718
0.733
0.721
0.774
0.683
0.658
0.622
0.767
0.664
0.692
0.742
0.725
0.72
0.74
0.734
0.724
0.694
0.73
0.764
0.783
0.767
0.73
0.773
0.7
0.754
0.785
0.716
0.8
0.803
0.766
0.745
0.698
0.768
0.78
0.719
0.763
0.848
0.776
0.697
0.737
0.714
0.796
0.677
0.672
0.655
0.731
0.699
0.817
0.816
0.745
0.58
0.661
0.675
0.746
0.701
0.757
0.741
0.796
0.577
0.669
0.766
0.709
0.752
0.758
0.774
0.682
0.678
0.727
0.715
0.78
0.683
0.749
0.768
0.706
0.751
0.763
0.756
0.769
0.783
0.686
0.606
0.676
0.689
0.788
0.652
0.727
0.754
0.629
0.615
0.588
0.646
0.671
0.634
0.653
0.639
0.652
0.651
0.511
0.713
0.716
0.739
0.726
0.715
0.756
0.73
0.684
0.73
0.707
0.696
0.778
0.732
0.752
0.737
0.719
0.745
0.777
0.741
0.762
0.748
0.713
0.589
0.68
0.699
0.631
0.673
0.689
0.696
0.756
0.75
0.73
0.63
0.756
0.761
0.699
0.754
0.707
0.759
0.712
0.779
0.686
0.699
0.752
0.718
0.759
0.678
0.67
0.762
0.728
0.74
0.763
0.688
0.722
0.622
0.778
0.764
0.672
0.69
0.739
0.739
0.604
0.741
0.702
0.733
0.811
0.771
0.719
0.682
0.776
0.759
0.771
0.694
0.712
0.683
0.714
0.78
0.734
0.769
0.76
0.717
0.753
0.708
0.758
0.682
0.807
0.741
0.774
0.745
0.72
0.688
0.73
0.77
0.765
0.739
0.746
0.724
0.681
0.808
0.766
0.7
0.686
0.583
0.596
0.678
0.69
0.633
0.691
0.709
0.583
0.733
0.73
0.745
0.692
0.731
0.75
0.735
0.752
0.758
0.724
0.785
0.802
0.693
0.744
0.808
0.755
0.73
0.713
0.75
0.712
0.788
0.783
0.719
0.753
0.736
0.733
0.667
0.696
0.584
0.652
0.646
0.668
0.741
0.703
0.741
0.755
0.72
0.69
0.715
0.773
0.758
0.743
0.795
0.763
0.722
0.747
0.744
0.694
0.697
0.672
0.728
0.631
0.678
0.621
0.798
0.716
0.771
0.799
0.785
0.748
0.645
0.612
0.67
0.608
0.63
0.703
0.667
0.633
0.665
0.615
0.607
0.645
0.632
0.698
0.678
0.515
0.641
0.68
0.7
0.746
0.686
0.718
0.729
0.732
0.789
0.732
0.689
0.746
0.79
0.755
0.766
0.642
0.763
0.736
0.687
0.734
0.739
0.76
0.689
0.76
0.75
0.747
0.758
0.779
0.766
0.798
0.767
0.798
0.8
0.765
0.749
0.729
0.756
0.692
0.713
0.699
0.799
0.813
0.724
0.659
0.639
0.668
0.715
0.696
0.744
0.694
0.671
0.775
0.727
0.757
0.739
0.753
0.66
0.59
0.704
0.714
0.771
0.679
0.658
0.71
0.713
0.696
0.725
0.715
0.713
0.746
0.742
0.702
0.711
0.757
0.664
0.758
0.744
0.725
0.772
0.745
0.745
0.74
0.74
0.672
0.75
0.727
0.735
0.764
0.603
0.767
0.707
0.718
0.768
0.73
0.722
0.781
0.701
0.706
0.711
0.759
0.72
0.712
0.682
0.781
0.686
0.708
0.76
0.715
0.739
0.732
0.726
0.713
0.779
0.742
0.802
0.778
0.725
0.696
0.759
0.743
0.766
0.745
0.794
0.698
0.759
0.751
0.764
0.706
0.751
0.756
0.737
0.632
0.661
0.668
0.634
0.659
0.625
0.649
0.661
0.592
0.668
0.656
0.643
0.621
0.636
0.628
0.692
0.666
0.688
0.719
0.656
0.619
0.662
0.69
0.715
0.653
0.67
0.703
0.701
0.654
0.698
0.713
0.741
0.686
0.696
0.616
0.796
0.653
0.629
0.624
0.703
0.75
0.65
0.631
0.618
0.646
0.645
0.667
0.725
0.742
0.752
0.739
0.733
0.732
0.656
0.724
0.711
0.744
0.673
0.686
0.731
0.741
0.786
0.7
0.656
0.756
0.669
0.756
0.599
0.774
0.762
0.733
0.75
0.774
0.773
0.696
0.713
0.652
0.737
0.788
0.742
0.69
0.731
0.728
0.701
0.715
0.735
0.658
0.788
0.793
0.737
0.757
0.716
0.692
0.757
0.721
0.691
0.754
0.675
0.711
0.78
0.735
0.751
0.708
0.722
0.771
0.672
0.704
0.705
0.74
0.773
0.744
0.79
0.758
0.754
0.775
0.625
0.587
0.653
0.733
0.673
0.692
0.763
0.729
0.625
0.675
0.698
0.713
0.669
0.679
0.763
0.714
0.739
0.777
0.769
0.638
0.668
0.677
0.73
0.703
0.771
0.76
0.776
0.661
0.693
0.683
0.765
0.619
0.665
0.641
0.714
0.642
0.734
0.706
0.765
0.633
0.664
0.743
0.747
0.772
0.765
0.693
0.785
0.72
0.793
0.764
0.795
0.713
0.74
0.741
0.672
0.742
0.807
0.757
0.747
0.716
0.754
0.766
0.773
0.746
0.79
0.813
0.793
0.776
0.789
0.792
0.724
0.731
0.754
0.772
0.693
0.723
0.702
0.757
0.737
0.703
0.724
0.746
0.711
0.744
0.685
0.737
0.652
0.737
0.793
0.715
0.769
0.781
0.682
0.686
0.719
0.735
0.703
0.754
0.779
0.778
0.753
0.637
0.757
0.703
0.703
0.643
0.686
0.727
0.589
0.583
