0.763
0.763
0.731
0.696
0.773
0.622
0.691
0.649
0.829
0.64
0.784
0.799
0.723
0.647
0.633
0.581
0.715
0.598
0.529
0.686
0.802
0.716
0.7
0.739
0.685
0.662
0.604
0.509
0.54
0.488
0.602
0.524
0.527
0.553
0.55
0.597
0.564
0.658
0.543
0.561
0.502
0.478
0.529
0.586
0.604
0.484
0.538
0.567
0.483
0.504
0.531
0.463
0.43
0.415
0.627
0.624
0.663
0.746
0.717
0.643
0.816
0.602
0.733
0.672
0.737
0.715
0.721
0.69
0.68
0.623
0.675
0.717
0.732
0.733
0.756
0.663
0.542
0.519
0.452
0.593
0.721
0.716
0.689
0.738
0.782
0.781
0.818
0.713
0.762
0.765
0.68
0.764
0.697
0.751
0.755
0.681
0.766
0.692
0.773
0.669
0.732
0.658
0.648
0.792
0.712
0.69
0.746
0.738
0.68
0.656
0.785
0.683
0.706
0.728
0.69
0.805
0.73
0.712
0.763
0.717
0.677
0.715
0.661
0.701
0.684
0.687
0.647
0.455
0.585
0.44
0.501
0.542
0.514
0.606
0.602
0.723
0.672
0.736
0.696
0.59
0.57
0.621
0.668
0.779
0.635
0.666
0.604
0.678
0.704
0.681
0.714
0.514
0.709
0.774
0.653
0.709
0.68
0.788
0.635
0.68
0.678
0.631
0.724
0.701
0.788
0.656
0.815
0.696
0.738
0.619
0.595
0.656
0.514
0.822
0.819
0.73
0.747
0.644
0.657
0.66
0.728
0.736
0.731
0.682
0.676
0.736
0.705
0.721
0.639
0.618
0.42
0.456
0.541
0.722
0.736
0.658
0.675
0.649
0.764
0.536
0.732
0.635
0.696
0.649
0.652
0.707
0.752
0.77
0.722
0.726
0.713
0.729
0.716
0.732
0.74
0.78
0.564
0.758
0.617
0.687
0.692
0.68
0.693
0.659
0.67
0.738
0.662
0.707
0.533
0.548
0.788
0.752
0.721
0.735
0.842
0.708
0.777
0.718
0.718
0.776
0.74
0.715
0.662
0.685
0.651
0.78
0.669
0.663
0.625
0.482
0.441
0.58
0.456
0.711
0.669
0.706
0.718
0.841
0.848
0.682
0.395
0.399
0.599
0.604
0.483
0.683
0.703
0.75
0.709
0.642
0.76
0.753
0.692
0.668
0.728
0.64
0.73
0.656
0.721
0.728
0.713
0.736
0.651
0.579
0.646
0.621
0.401
0.658
0.623
0.695
0.727
0.629
0.672
0.622
0.67
0.714
0.706
0.66
0.675
0.726
0.746
0.672
0.514
0.683
0.671
0.62
0.82
0.748
0.738
0.773
0.596
0.701
0.73
0.745
0.675
0.78
0.723
0.775
0.717
0.747
0.725
0.759
0.804
0.734
0.641
0.619
0.626
0.659
0.599
0.604
0.575
0.633
0.698
0.795
0.683
0.752
0.776
0.686
0.766
0.721
0.71
0.761
0.712
0.709
0.71
0.733
0.707
0.713
0.713
0.74
0.87
0.755
0.709
0.68
0.758
0.73
0.716
0.688
0.659
0.614
0.62
0.547
0.703
0.516
0.512
0.761
0.589
0.544
0.607
0.568
0.589
0.552
0.77
0.697
0.721
0.75
0.732
0.648
0.699
0.707
0.675
0.666
0.704
0.68
0.666
0.755
0.674
0.637
0.685
0.681
0.744
0.7
0.61
0.645
0.728
0.726
0.66
0.679
0.672
0.745
0.742
0.617
0.749
0.726
0.667
0.683
0.741
0.722
0.695
0.7
0.768
0.779
0.748
0.762
0.79
0.81
0.804
0.619
0.671
0.719
0.755
0.768
0.736
0.752
0.727
0.714
0.718
0.698
0.782
0.716
0.722
0.8
0.703
0.755
0.757
0.727
0.716
0.773
0.726
0.514
0.573
0.735
0.722
0.663
0.654
0.723
0.746
0.738
0.732
0.758
0.582
0.731
0.737
0.828
0.712
0.721
0.76
0.77
0.824
0.685
0.691
0.753
0.654
0.746
0.724
0.77
0.737
0.739
0.786
0.766
0.73
0.744
0.656
0.746
0.734
0.695
0.751
0.679
0.737
0.781
0.735
0.736
0.77
0.679
0.705
0.743
0.745
0.528
0.693
0.784
0.744
0.759
0.734
0.779
0.748
0.675
0.748
0.698
0.667
0.695
0.71
0.684
0.623
0.685
0.774
0.83
0.638
0.677
0.523
0.486
0.724
0.693
0.698
0.744
0.793
0.714
0.647
0.737
0.653
0.773
0.797
0.561
0.778
0.632
0.559
0.64
0.553
0.654
0.618
0.585
0.665
0.573
0.514
0.602
0.584
0.593
0.57
0.555
0.584
0.536
0.745
0.822
0.787
0.694
0.735
0.818
0.805
0.756
0.753
0.773
0.72
0.75
0.644
0.643
0.672
0.674
0.764
0.658
0.774
0.762
0.701
0.722
0.68
0.655
0.756
0.704
0.73
0.73
0.691
0.728
0.726
0.736
0.61
0.633
0.508
0.562
0.701
0.719
0.667
0.594
0.591
0.615
0.717
0.632
0.642
0.658
0.692
0.674
0.681
0.651
0.696
0.665
0.673
0.606
0.396
0.572
0.632
0.594
0.558
0.675
0.613
0.639
0.601
0.576
0.582
0.662
0.634
0.577
0.798
0.754
0.514
0.608
0.642
0.576
0.616
0.681
0.607
0.592
0.658
0.701
0.651
0.724
0.721
0.753
0.751
0.719
0.592
0.688
0.663
0.621
0.696
0.728
0.514
0.626
0.637
0.714
0.618
0.676
0.667
0.648
0.632
0.62
0.608
0.623
0.708
0.746
0.677
0.689
0.739
0.687
0.674
0.648
0.71
0.633
0.754
0.514
0.768
0.706
0.683
0.702
0.737
0.706
0.746
0.708
0.703
0.657
0.708
0.72
0.679
0.768
0.679
0.677
0.705
0.61
0.546
0.6
0.69
0.658
0.672
0.58
0.697
0.762
0.818
0.593
0.578
0.737
0.73
0.702
0.776
0.746
0.712
0.71
0.65
0.658
0.601
0.768
0.669
0.599
0.64
0.607
0.604
0.674
0.671
0.626
0.67
0.599
0.599
0.648
0.515
0.467
0.497
0.604
0.573
0.46
0.701
0.669
0.578
0.454
0.607
0.596
0.634
0.452
0.456
0.68
0.748
0.753
0.723
0.725
0.657
0.641
0.634
0.759
0.72
0.682
0.76
0.66
0.715
0.633
0.707
0.684
0.775
0.75
0.698
0.779
0.658
0.665
0.562
0.496
0.514
0.541
0.487
0.621
0.598
0.713
0.544
0.583
0.588
0.544
0.619
0.489
0.885
0.714
0.702
0.79
0.689
0.659
0.707
0.718
0.77
0.675
0.702
0.658
0.663
0.618
0.651
0.712
0.749
0.729
0.662
0.681
0.681
0.752
0.726
0.688
0.663
0.746
0.669
0.707
0.72
0.725
0.729
0.708
0.761
0.676
0.679
0.609
0.725
0.703
0.747
0.701
0.675
0.658
0.675
0.726
0.763
0.693
0.689
0.638
0.604
0.804
0.78
0.74
0.691
0.7
0.74
0.755
0.739
0.716
0.827
0.732
0.72
0.759
0.729
0.73
0.704
0.776
0.715
0.758
0.765
0.722
0.724
0.676
0.713
0.758
0.769
0.635
0.655
0.622
0.685
0.642
0.682
0.617
0.698
0.689
0.688
0.673
0.652
0.68
0.702
0.63
0.763
0.779
0.774
0.808
0.68
0.744
0.704
0.721
0.73
0.678
0.679
0.658
0.707
0.694
0.707
0.679
0.647
0.734
0.621
0.693
0.597
0.645
0.659
0.547
0.575
0.589
0.694
0.69
0.646
0.706
0.692
0.71
0.705
0.688
0.676
0.631
0.662
0.722
0.705
0.708
0.641
0.71
0.708
0.681
0.66
0.701
0.677
0.668
0.689
0.694
0.693
0.72
0.664
0.67
0.684
0.796
0.613
0.621
0.686
0.692
0.656
0.721
0.716
0.674
0.689
0.646
0.633
0.778
0.758
0.758
0.717
0.74
0.707
0.734
0.754
0.666
0.776
0.612
0.564
0.718
0.667
0.772
0.739
0.666
0.649
0.701
0.72
0.636
0.685
0.668
0.738
0.643
0.671
0.675
0.645
0.622
0.669
0.667
0.671
0.698
0.737
0.719
0.616
0.695
0.701
0.654
0.629
0.677
0.635
0.736
0.631
0.564
0.715
0.553
0.688
0.84
0.671
0.655
0.659
0.677
0.654
0.667
0.737
0.581
0.74
0.643
0.796
0.661
0.727
0.705
0.684
0.715
0.538
0.736
0.584
0.665
0.697
0.71
0.691
0.765
0.645
0.684
0.695
0.728
0.713
0.691
0.657
0.634
0.674
0.763
0.653
0.666
0.648
0.662
0.68
0.759
0.799
0.654
0.697
0.603
0.583
0.601
0.69
0.687
0.723
0.639
0.678
0.683
0.748
0.658
0.689
0.711
0.773
0.722
0.653
0.69
0.654
0.705
0.673
0.644
0.742
0.727
0.621
0.712
0.566
0.628
0.714
0.614
0.662
0.7
0.641
0.713
0.699
0.705
0.77
0.622
0.666
0.728
0.635
0.673
0.698
0.797
0.682
0.734
0.681
0.751
0.744
0.66
0.766
0.649
0.765
0.732
0.633
0.687
0.681
0.77
0.715
0.451
0.492
0.585
0.634
0.689
0.674
0.779
0.77
0.782
0.665
0.682
0.652
0.619
0.62
0.67
0.579
0.665
0.806
0.657
0.716
0.739
0.654
0.712
0.628
0.663
0.631
0.63
0.711
0.65
0.6
0.698
0.527
0.512
0.471
0.437
0.46
0.545
0.592
0.626
0.605
0.668
0.682
0.61
0.668
0.712
0.724
0.667
0.706
0.781
0.74
0.654
0.731
0.624
0.712
0.718
0.713
0.687
0.704
0.675
0.77
0.576
0.69
0.674
0.77
0.669
0.726
0.667
0.682
0.739
0.717
0.708
0.657
0.674
0.61
0.637
0.677
0.627
0.65
0.62
0.685
0.736
0.674
0.764
0.754
0.651
0.616
0.733
0.682
0.72
0.678
0.674
0.662
0.59
0.691
0.568
0.69
0.638
0.655
0.685
0.734
0.762
0.705
0.561
0.698
0.665
0.666
0.643
0.651
0.751
0.692
0.591
0.594
0.577
0.501
0.415
0.557
0.455
0.544
0.506
0.504
0.662
0.579
0.652
0.628
0.619
0.618
0.739
0.692
0.612
0.682
0.701
0.739
0.647
0.592
0.681
0.764
0.666
0.73
0.716
0.68
0.767
0.7
0.673
0.796
0.669
0.571
0.73
0.514
0.724
0.777
0.724
0.674
0.794
0.787
0.702
0.587
0.612
0.618
0.606
0.621
0.672
0.589
0.652
0.751
0.717
0.773
0.647
0.731
0.765
0.736
0.797
0.752
0.726
0.705
0.663
0.711
0.7
0.609
0.731
0.749
0.516
0.533
0.698
0.664
0.801
0.815
0.707
0.659
0.711
0.704
0.804
0.695
0.697
0.56
0.735
0.606
0.684
0.755
0.658
0.643
0.696
0.631
0.575
0.581
0.634
0.724
0.759
0.778
0.67
0.655
0.726
0.67
0.781
0.7
0.685
0.653
0.789
0.683
0.582
0.581
0.496
0.526
0.52
0.617
0.536
0.537
0.568
0.554
0.567
0.526
0.703
0.688
0.65
0.779
0.755
0.624
0.667
0.505
0.532
0.634
0.8
0.753
0.748
0.722
0.703
0.648
0.698
0.691
0.58
0.696
0.744
0.723
0.664
0.756
0.434
0.552
0.713
0.693
0.62
0.68
0.69
0.667
0.695
0.734
0.683
0.68
0.713
0.684
0.613
0.752
0.647
0.697
0.658
0.642
0.637
0.612
0.548
0.473
0.514
0.626
0.564
0.683
0.733
0.735
0.686
0.716
0.645
0.674
0.633
0.703
0.721
0.74
0.63
0.689
0.727
0.72
0.751
0.666
0.679
0.768
0.752
0.76
0.696
0.703
0.714
0.712
0.682
0.731
0.693
0.681
0.613
0.755
0.815
0.721
0.753
0.663
0.714
0.732
0.714
0.617
0.699
0.694
0.674
0.702
0.821
0.756
0.631
0.693
0.662
0.644
0.678
0.488
0.409
0.571
0.61
0.625
0.606
0.64
0.659
0.708
0.649
0.81
0.674
0.661
0.682
0.675
0.795
0.841
0.792
0.701
0.829
0.778
0.783
0.761
0.8
0.751
0.716
0.648
0.684
0.682
0.737
0.7
0.632
0.656
0.65
0.624
0.618
0.646
0.64
0.676
0.654
0.753
0.745
0.809
0.785
0.797
0.723
0.788
0.755
0.798
0.779
0.773
0.782
0.794
0.798
0.778
0.76
0.739
0.751
0.723
0.526
0.574
0.675
0.754
0.798
0.744
0.771
0.755
0.753
0.727
0.751
0.705
0.684
0.817
0.63
0.667
0.705
0.676
0.683
0.744
0.731
0.716
0.777
0.767
0.798
0.837
0.607
0.58
0.563
0.755
0.727
0.755
0.827
0.726
0.795
0.77
0.732
0.728
0.7
0.771
0.754
0.63
0.62
0.604
0.565
0.644
0.54
0.774
0.712
0.591
0.75
0.704
0.766
0.745
0.806
0.703
0.738
0.728
0.797
0.778
0.785
0.743
0.71
0.76
0.678
0.705
0.592
0.8
0.814
0.874
0.649
0.72
0.626
0.69
0.476
0.485
0.582
0.68
0.543
0.699
0.636
0.659
0.642
0.601
0.656
0.647
0.649
0.678
0.739
0.797
0.681
0.692
0.703
0.677
0.637
0.697
0.659
0.745
0.726
0.722
0.765
0.686
0.712
0.853
0.836
0.721
0.674
0.661
0.727
0.678
0.698
0.601
0.689
0.727
0.67
0.567
0.655
0.64
0.661
0.707
0.602
0.663
0.648
0.64
0.719
0.61
0.442
0.455
0.746
0.598
0.594
0.492
0.493
0.726
0.559
0.516
0.599
0.563
0.513
0.643
0.689
0.727
0.681
0.623
0.512
0.525
0.761
0.659
0.729
0.528
0.741
0.706
0.724
0.688
0.792
0.794
0.576
0.797
0.7
0.798
0.733
0.816
0.742
0.707
0.784
0.735
0.722
0.711
0.739
0.63
0.647
0.701
0.723
0.665
0.776
0.777
0.738
0.811
0.75
0.757
0.686
0.616
0.618
0.675
0.623
0.754
0.734
0.75
0.778
0.717
0.704
0.753
0.71
0.676
0.715
0.651
0.706
0.73
0.655
0.717
0.691
0.621
0.659
0.699
0.781
0.523
0.618
0.74
0.791
0.72
0.716
0.514
0.75
0.716
0.787
0.568
0.634
0.7
0.775
0.728
0.713
0.733
0.641
0.71
0.763
0.741
0.828
0.514
0.669
0.741
0.643
0.634
0.734
0.73
0.525
0.724
0.737
0.702
0.783
0.708
0.72
0.713
0.683
0.69
0.763
0.766
0.715
0.692
0.765
0.799
0.719
0.615
0.749
0.741
0.596
0.604
0.682
0.719
0.688
0.731
0.692
0.689
0.605
0.559
0.55
0.514
0.533
0.744
0.632
0.731
0.573
0.482
0.683
0.62
0.695
0.727
0.747
0.561
0.71
0.751
0.591
0.714
0.723
0.47
0.498
0.618
0.6
0.623
0.643
0.672
0.743
0.698
0.785
0.726
0.732
0.801
0.647
0.783
0.584
0.566
0.554
0.554
0.558
0.559
0.583
0.694
0.588
0.657
0.699
0.703
0.793
0.753
0.748
0.845
0.742
0.713
0.736
0.721
0.592
0.632
0.647
0.622
0.668
0.501
0.66
0.64
0.664
0.667
0.695
0.696
0.751
0.743
0.777
0.777
0.591
0.77
0.789
0.77
0.845
0.635
0.684
0.744
0.831
0.69
0.765
0.853
0.831
0.801
0.806
0.681
0.719
0.705
0.744
0.799
0.682
0.832
0.746
0.752
0.768
0.694
0.655
0.628
0.634
0.742
0.772
0.697
0.731
0.622
0.665
0.702
0.759
0.756
0.681
0.674
0.638
0.715
0.691
0.653
0.688
0.693
0.557
0.725
0.698
0.719
0.781
0.678
0.697
0.815
0.777
0.85
0.831
0.745
0.77
0.744
0.84
0.638
0.727
0.762
0.7
0.722
0.674
0.666
0.755
0.551
0.687
0.654
0.695
0.629
0.753
0.689
0.711
0.572
0.585
0.78
0.842
0.61
0.68
0.746
0.675
0.782
0.626
0.783
0.694
0.787
0.708
0.677
0.754
0.675
0.781
0.726
0.666
0.657
0.683
0.726
0.744
0.734
0.6
0.642
0.694
0.649
0.78
0.725
0.614
0.657
0.607
0.654
0.711
0.763
0.753
0.677
0.645
0.719
0.708
0.678
0.564
0.594
0.674
0.687
0.581
0.596
0.583
0.698
0.677
0.807
0.7
0.721
0.663
0.73
0.75
0.721
0.742
0.782
0.704
0.676
0.762
0.721
0.692
0.685
0.744
0.614
0.707
0.763
0.749
0.701
0.807
0.78
0.74
0.717
0.788
0.697
0.688
0.625
0.69
0.797
0.753
0.607
0.52
0.503
0.468
0.484
0.462
0.467
0.586
0.514
0.598
0.631
0.672
0.689
0.677
0.492
0.591
0.742
0.738
0.424
0.515
0.597
0.709
0.583
0.575
0.565
0.561
0.578
0.577
0.763
0.803
0.74
0.672
0.648
0.799
0.679
0.732
0.586
0.683
0.584
0.663
0.773
0.657
0.839
0.693
0.835
0.636
0.603
0.737
0.716
0.71
0.717
0.699
0.743
0.63
0.588
0.52
0.65
0.545
0.508
0.679
0.702
0.702
0.733
0.73
