# Word,Obs Count,Obs Frequency,Exp Frequency,Obs/Exp Frequency
TA,70372,0.0354313,0.0625,0.5669009
CT,102410,0.051562,0.0625,0.8249918
AG,103241,0.0519804,0.0625,0.8316862
GT,112858,0.0568224,0.0625,0.9091586
AC,116872,0.0588434,0.0625,0.9414944
AT,119479,0.060156,0.0625,0.9624958
GG,123811,0.0623371,0.0625,0.9973935
TT,126669,0.0637761,0.0625,1.0204169
CC,127631,0.0642604,0.0625,1.0281665
GA,128923,0.0649109,0.0625,1.0385746
TC,129615,0.0652593,0.0625,1.0441492
AA,129837,0.0653711,0.0625,1.0459375
TG,134760,0.0678498,0.0625,1.0855961
CA,140297,0.0706376,0.0625,1.1302009
GC,157799,0.0794496,0.0625,1.2711931
CG,161579,0.0813527,0.0625,1.3016439
Other,0,0,0,10000000000
