# Word,Obs Count,Obs Frequency,Exp Frequency,Obs/Exp Frequency
TA,85780,0.0431475,0.0625,0.6903601
CT,109106,0.0548805,0.0625,0.8780884
AG,109946,0.055303,0.0625,0.8848488
GG,111691,0.0561808,0.0625,0.8988926
CC,112677,0.0566767,0.0625,0.9068279
GT,117685,0.0591958,0.0625,0.9471325
AC,118197,0.0594533,0.0625,0.9512531
AT,125225,0.0629884,0.0625,1.0078146
TC,132129,0.0664611,0.0625,1.0633782
GA,132487,0.0666412,0.0625,1.0662594
AA,133573,0.0671875,0.0625,1.0749996
TT,133792,0.0672976,0.0625,1.0767621
TG,134107,0.0674561,0.0625,1.0792972
CA,135100,0.0679556,0.0625,1.0872889
GC,145225,0.0730485,0.0625,1.1687753
CG,151344,0.0761263,0.0625,1.2180212
Other,0,0,0,10000000000
