# Word,Obs Count,Obs Frequency,Exp Frequency,Obs/Exp Frequency
TA,89809,0.0460022,0.0625,0.7360353
CT,108244,0.055445,0.0625,0.8871205
AG,108865,0.0557631,0.0625,0.8922099
CC,111151,0.0569341,0.0625,0.910945
GT,111965,0.057351,0.0625,0.9176162
GG,112042,0.0573905,0.0625,0.9182472
AC,112633,0.0576932,0.0625,0.9230908
TC,125776,0.0644253,0.0625,1.0308051
GA,126749,0.0649237,0.0625,1.0387794
AT,127465,0.0652905,0.0625,1.0446474
TG,132088,0.0676585,0.0625,1.0825355
TT,132238,0.0677353,0.0625,1.0837648
CA,132404,0.0678203,0.0625,1.0851253
AA,133130,0.0681922,0.0625,1.0910752
CG,142739,0.0731141,0.0625,1.1698264
GC,144978,0.074261,0.0625,1.1881763
Other,0,0,0,10000000000
