# Word,Obs Count,Obs Frequency,Exp Frequency,Obs/Exp Frequency
TA,87338,0.0370296,0.0625,0.5924738
AT,114753,0.048653,0.0625,0.7784486
AG,118472,0.0502298,0.0625,0.8036771
CT,119230,0.0505512,0.0625,0.8088191
GT,121815,0.0516472,0.0625,0.826355
AC,122307,0.0518558,0.0625,0.8296925
GA,131153,0.0556063,0.0625,0.889701
TC,131702,0.0558391,0.0625,0.8934253
TG,136753,0.0579806,0.0625,0.9276897
CA,137044,0.058104,0.0625,0.9296638
AA,141364,0.0599356,0.0625,0.9589693
TT,143062,0.0606555,0.0625,0.970488
GG,192351,0.0815531,0.0625,1.3048492
CC,193403,0.0819991,0.0625,1.3119856
CG,232179,0.0984394,0.0625,1.5750299
GC,234436,0.0993963,0.0625,1.5903407
Other,1237,0.0005245,0,10000000000
