# Word,Obs Count,Obs Frequency,Exp Frequency,Obs/Exp Frequency
TA,48914,0.0214283,0.0625,0.3428527
AA,94179,0.041258,0.0625,0.6601285
TT,95352,0.0417719,0.0625,0.6683504
AT,98499,0.0431505,0.0625,0.6904086
AG,120394,0.0527423,0.0625,0.8438771
CT,121886,0.0533959,0.0625,0.854335
GT,126215,0.0552924,0.0625,0.8846782
AC,126537,0.0554335,0.0625,0.8869352
CA,135210,0.0592329,0.0625,0.9477269
TG,136738,0.0599023,0.0625,0.9584371
TC,160947,0.0705078,0.0625,1.1281251
GA,161305,0.0706647,0.0625,1.1306344
CC,186376,0.0816478,0.0625,1.3063645
GG,186931,0.0818909,0.0625,1.3102546
GC,226406,0.0991842,0.0625,1.5869466
CG,256794,0.1124966,0.0625,1.7999451
Other,0,0,0,10000000000
